%%MatrixMarket matrix coordinate real general
%
24863 24863 5774
17871 17871 -1.6870320266979766
17871 17872 2.851989876878772E-1
17871 17976 2.787100179524664E-1
17871 18080 5.746834752262339E-1
17871 18081 5.484395458313989E-1
17872 17871 2.851989876878772E-1
17872 17872 -1.687236793277453
17872 17873 2.635286506827888E-1
17872 18080 5.682934572327069E-1
17872 18182 5.702156976740802E-1
17873 17872 2.635286506827888E-1
17873 17873 -1.6901648041077082
17873 17874 2.6341670602372724E-1
17873 18182 6.318898608117973E-1
17873 18183 5.313295865893948E-1
17874 17873 2.6341670602372724E-1
17874 17874 -1.6902331083231203
17874 17875 2.5632516302916064E-1
17874 18183 6.125684061784805E-1
17874 18184 5.579228330917518E-1
17875 17874 2.5632516302916064E-1
17875 17875 -1.6890970447065432
17875 17876 2.55220209981295E-1
17875 18184 6.011054034356389E-1
17875 18185 5.764462682604485E-1
17876 17875 2.55220209981295E-1
17876 17876 -1.6899795891042844
17876 17877 2.805310469507868E-1
17876 18185 6.274988091919296E-1
17876 18186 5.26729522980273E-1
17877 17876 2.805310469507868E-1
17877 17877 -1.6902095883814994
17877 17878 2.345765161458206E-1
17877 18186 5.76344753245527E-1
17877 18187 5.987572720393649E-1
17878 17877 2.345765161458206E-1
17878 17878 -1.695499282485946
17878 18187 6.379549909875712E-1
17878 18188 6.019680956502993E-1
17878 18189 2.2099967970225498E-1
17976 17871 2.787100179524664E-1
17976 17976 -1.6920614191917038
17976 17977 2.812161074984694E-1
17976 18081 6.421999811140371E-1
17976 18082 4.8993531262673085E-1
17977 17976 2.812161074984694E-1
17977 17977 -1.6964191778399107
17977 17978 2.1840876161823414E-1
17977 18082 6.699433728428468E-1
17977 18083 5.268509358803604E-1
17978 17977 2.1840876161823414E-1
17978 17978 -1.745339375945063
17978 17979 1.1128080435733345E-1
17978 18083 6.646802044242693E-1
17978 18084 7.509696055452262E-1
17979 17978 1.1128080435733345E-1
17979 17979 -1.7637967238224084
17979 17980 3.593683578972334E-1
17979 18084 8.364380552703683E-1
17979 18085 4.567095062974732E-1
17980 17979 3.593683578972334E-1
17980 17980 -1.7066758332576493
17980 17981 2.88675134594809E-1
17980 18085 4.119159512880584E-1
17980 18086 6.467163894775485E-1
17981 17980 2.88675134594809E-1
17981 17981 -1.6871069138229022
17981 17982 2.6848812351333656E-1
17981 18086 5.635527248591221E-1
17981 18087 5.663909308556347E-1
17982 17981 2.6848812351333656E-1
17982 17982 -1.688931793020044
17982 18087 6.132374296347192E-1
17982 18088 5.405594689952898E-1
17982 18089 2.666467708766984E-1
18080 17871 5.746834752262339E-1
18080 17872 5.682934572327069E-1
18080 18080 -3.465367493268806
18080 18081 6.157389482173294E-1
18080 18182 5.831082654635937E-1
18080 18283 5.718118129504466E-1
18080 18366 5.517315341784952E-1
18081 17871 5.484395458313989E-1
18081 17976 6.421999811140371E-1
18081 18080 6.157389482173294E-1
18081 18081 -3.4701234084648913
18081 18082 5.416148157344222E-1
18081 18366 6.060872607393228E-1
18081 18367 5.160428568283812E-1
18082 17976 4.8993531262673085E-1
18082 17977 6.699433728428468E-1
18082 18081 5.416148157344222E-1
18082 18082 -3.481463126333926
18082 18083 5.546859060895761E-1
18082 18367 7.024768747607457E-1
18082 18368 5.228068442796048E-1
18083 17977 5.268509358803604E-1
18083 17978 6.646802044242693E-1
18083 18082 5.546859060895761E-1
18083 18083 -3.4990474673056675
18083 18084 6.231986834606364E-1
18083 18368 6.835728569440251E-1
18083 18369 4.4605888050680004E-1
18084 17978 7.509696055452262E-1
18084 17979 8.364380552703683E-1
18084 18083 6.231986834606364E-1
18084 18084 -3.6648207281075065
18084 18085 6.19786051870172E-1
18084 18369 8.344283319611037E-1
18085 17979 4.567095062974732E-1
18085 17980 4.119159512880584E-1
18085 18084 6.19786051870172E-1
18085 18085 -3.4037388905558337
18085 18086 5.70628844561481E-1
18085 18369 4.050981595383044E-1
18085 18370 4.6637022568060127E-1
18085 18371 4.732301513197429E-1
18086 17980 6.467163894775485E-1
18086 17981 5.635527248591221E-1
18086 18085 5.70628844561481E-1
18086 18086 -3.5013634353557457
18086 18087 4.593451572237378E-1
18086 18371 6.191816788892519E-1
18086 18372 6.419386403446046E-1
18087 17981 5.663909308556347E-1
18087 17982 6.132374296347192E-1
18087 18086 4.593451572237378E-1
18087 18087 -3.557754429040252
18087 18088 6.723781963000266E-1
18087 18372 9.043619063260689E-1
18087 18373 3.4204080870006454E-1
18088 17982 5.405594689952898E-1
18088 18087 6.723781963000266E-1
18088 18088 -3.499028686260256
18088 18089 6.024753493436601E-1
18088 18373 5.048796813663843E-1
18088 18374 6.731996744804389E-1
18088 18375 5.055363157744561E-1
18089 17982 2.666467708766984E-1
18089 18088 6.024753493436601E-1
18089 18089 -1.6891199846019616
18089 18375 5.467347004658927E-1
18089 18376 2.7326316391571026E-1
18182 17872 5.702156976740802E-1
18182 17873 6.318898608117973E-1
18182 18080 5.831082654635937E-1
18182 18182 -3.4683861956655715
18182 18183 5.92944823675509E-1
18182 18283 5.797515129981317E-1
18182 18284 5.104760350424598E-1
18183 17873 5.313295865893948E-1
18183 17874 6.125684061784805E-1
18183 18182 5.92944823675509E-1
18183 18183 -3.474815549253966
18183 18184 5.965545702265301E-1
18183 18284 6.51763631816233E-1
18183 18285 4.8965453076781823E-1
18184 17874 5.579228330917518E-1
18184 17875 6.011054034356389E-1
18184 18183 5.965545702265301E-1
18184 18184 -3.493417921090197
18184 18185 4.5135361022151926E-1
18184 18285 6.306134600925524E-1
18184 18286 6.558680440222047E-1
18185 17875 5.764462682604485E-1
18185 17876 6.274988091919296E-1
18185 18184 4.5135361022151926E-1
18185 18185 -3.5558591320008244
18185 18186 6.57675253866862E-1
18185 18286 8.86320940318714E-1
18185 18287 3.5656425014135107E-1
18186 17876 5.26729522980273E-1
18186 17877 5.76344753245527E-1
18186 18185 6.57675253866862E-1
18186 18186 -3.4764625938275806
18186 18187 5.749855767999181E-1
18186 18287 5.589188210093146E-1
18186 18288 5.81808665925686E-1
18187 17877 5.987572720393649E-1
18187 17878 6.379549909875712E-1
18187 18186 5.749855767999181E-1
18187 18187 -3.4980777235642613
18187 18188 4.1043159460989115E-1
18187 18288 6.036772936524333E-1
18187 18289 6.722709954750827E-1
18188 17878 6.019680956502993E-1
18188 18187 4.1043159460989115E-1
18188 18188 -3.544531273752292
18188 18189 6.370991628201477E-1
18188 18289 8.938400509296756E-1
18188 18290 4.16197735943018E-1
18188 18291 5.849946337992604E-1
18189 17878 2.2099967970225498E-1
18189 18188 6.370991628201477E-1
18189 18189 -1.6999753422812192
18189 18291 6.326904648388811E-1
18189 18292 2.0918603491993526E-1
18283 18080 5.718118129504466E-1
18283 18182 5.797515129981317E-1
18283 18283 -3.466666727865875
18283 18284 6.265091959324832E-1
18283 18366 5.849071139876251E-1
18283 18472 5.351575942919525E-1
18283 18562 5.68529497705236E-1
18284 18182 5.104760350424598E-1
18284 18183 6.51763631816233E-1
18284 18283 6.265091959324832E-1
18284 18284 -3.4795575296553407
18284 18285 6.267045805632648E-1
18284 18472 6.08835511681953E-1
18284 18473 4.5526857461894715E-1
18285 18183 4.8965453076781823E-1
18285 18184 6.306134600925524E-1
18285 18284 6.267045805632648E-1
18285 18285 -3.515175111205243
18285 18286 6.877745717756285E-1
18285 18473 7.092899460894396E-1
18285 18474 3.7113802191653933E-1
18286 18184 6.558680440222047E-1
18286 18185 8.86320940318714E-1
18286 18285 6.877745717756285E-1
18286 18286 -3.6801750569331695
18286 18287 5.756926055521152E-1
18286 18474 8.745188952645067E-1
18287 18185 3.5656425014135107E-1
18287 18186 5.589188210093146E-1
18287 18286 5.756926055521152E-1
18287 18287 -3.4031108847030396
18287 18288 5.3050778975316E-1
18287 18474 4.9402086453795996E-1
18287 18475 5.006764894219224E-1
18287 18476 3.867300642872163E-1
18288 18186 5.81808665925686E-1
18288 18187 6.036772936524333E-1
18288 18287 5.3050778975316E-1
18288 18288 -3.5177921339948153
18288 18289 6.648973638019995E-1
18288 18476 7.240122455130853E-1
18288 18477 4.1288877534845136E-1
18289 18187 6.722709954750827E-1
18289 18188 8.938400509296756E-1
18289 18288 6.648973638019995E-1
18289 18289 -3.679373642810376
18289 18290 5.573227103857229E-1
18289 18477 8.910425222178958E-1
18290 18188 4.16197735943018E-1
18290 18289 5.573227103857229E-1
18290 18290 -3.471505749224275
18290 18291 4.4888635227175133E-1
18290 18477 4.403544751927755E-1
18290 18478 5.968377797410351E-1
18290 18479 2.3870355505580554E-1
18290 18480 7.732031406341674E-1
18291 18188 5.849946337992604E-1
18291 18189 6.326904648388811E-1
18291 18290 4.4888635227175133E-1
18291 18291 -3.5381316513840995
18291 18292 6.612449018402364E-1
18291 18480 8.160729200994759E-1
18291 18481 3.942423785344935E-1
18292 18189 2.0918603491993526E-1
18292 18291 6.612449018402364E-1
18292 18292 -1.6969125869866075
18292 18481 5.609283426819747E-1
18292 18482 2.655533075444612E-1
18366 18080 5.517315341784952E-1
18366 18081 6.060872607393228E-1
18366 18283 5.849071139876251E-1
18366 18366 -3.4651537729335775
18366 18367 5.77458786691852E-1
18366 18562 5.825713929436711E-1
18366 18563 5.623976843926117E-1
18367 18081 5.160428568283812E-1
18367 18082 7.024768747607457E-1
18367 18366 5.77458786691852E-1
18367 18367 -3.4759078365255776
18367 18368 5.461718755212622E-1
18367 18563 6.168755076608711E-1
18367 18564 5.168819350624654E-1
18368 18082 5.228068442796048E-1
18368 18083 6.835728569440251E-1
18368 18367 5.461718755212622E-1
18368 18368 -3.4758944391050175
18368 18369 5.240906400051846E-1
18368 18564 6.556293432089818E-1
18368 18565 5.436228791459587E-1
18369 18083 4.4605888050680004E-1
18369 18084 8.344283319611037E-1
18369 18085 4.050981595383044E-1
18369 18368 5.240906400051846E-1
18369 18369 -3.537394694636189
18369 18370 6.677573974941418E-1
18369 18565 6.599612851306544E-1
18370 18085 4.6637022568060127E-1
18370 18369 6.677573974941418E-1
18370 18370 -3.4902234979814994
18370 18371 7.154802979494059E-1
18370 18565 5.312823966440638E-1
18370 18566 5.844181961360503E-1
18370 18567 5.249149840772365E-1
18371 18085 4.732301513197429E-1
18371 18086 6.191816788892519E-1
18371 18370 7.154802979494059E-1
18371 18371 -3.519825172575387
18371 18372 6.947288999507935E-1
18371 18567 6.16588039520876E-1
18371 18568 4.0061610494531685E-1
18372 18086 6.419386403446046E-1
18372 18087 9.043619063260689E-1
18372 18371 6.947288999507935E-1
18372 18372 -3.6796036053204992
18372 18373 5.634257821007269E-1
18372 18568 8.75148376598305E-1
18373 18087 3.4204080870006454E-1
18373 18088 5.048796813663843E-1
18373 18372 5.634257821007269E-1
18373 18373 -3.4292747565553015
18373 18374 6.720209344868224E-1
18373 18568 4.59914480838402E-1
18373 18569 5.5665976269141E-1
18373 18570 3.3033330637149133E-1
18374 18088 6.731996744804389E-1
18374 18373 6.720209344868224E-1
18374 18374 -3.6890004204908475
18374 18375 9.11271005714389E-1
18374 18570 8.900202050553966E-1
18374 18571 5.424886007538006E-1
18375 18088 5.055363157744561E-1
18375 18089 5.467347004658927E-1
18375 18374 9.11271005714389E-1
18375 18375 -3.5975807620933242
18375 18376 4.11406127772168E-1
18375 18571 3.8198039966182296E-1
18375 18573 8.406522127045952E-1
18376 18089 2.7326316391571026E-1
18376 18375 4.11406127772168E-1
18376 18376 -1.7552961693767897
18376 18377 2.0479150142870628E-1
18376 18573 8.65835376260205E-1
18377 18376 2.0479150142870628E-1
18377 18377 -1.632230161660288
18377 18572 2.5550767359037274E-1
18377 18573 5.053981517728228E-1
18377 18574 1.8663989088039562E-1
18377 18654 4.798929439879905E-1
18472 18283 5.351575942919525E-1
18472 18284 6.08835511681953E-1
18472 18472 -3.468126445226132
18472 18473 6.248942451620901E-1
18472 18562 5.879353169264379E-1
18472 18656 5.787751596288142E-1
18472 18657 5.32528617534884E-1
18473 18284 4.5526857461894715E-1
18473 18285 7.092899460894396E-1
18473 18472 6.248942451620901E-1
18473 18473 -3.4846213548918707
18473 18474 5.487954913554731E-1
18473 18657 6.340238644789415E-1
18473 18658 5.123492331869797E-1
18474 18285 3.7113802191653933E-1
18474 18286 8.745188952645067E-1
18474 18287 4.9402086453795996E-1
18474 18473 5.487954913554731E-1
18474 18474 -3.5492730782177317
18474 18475 5.615797580318125E-1
18474 18658 6.992200471114404E-1
18475 18287 5.006764894219224E-1
18475 18474 5.615797580318125E-1
18475 18475 -3.486208572454556
18475 18476 7.447444280663715E-1
18475 18658 5.553673222094079E-1
18475 18659 5.773515777166647E-1
18475 18660 5.464889970083774E-1
18476 18287 3.867300642872163E-1
18476 18288 7.240122455130853E-1
18476 18475 7.447444280663715E-1
18476 18476 -3.515135658477277
18476 18477 5.761500314476057E-1
18476 18660 6.053713918586479E-1
18476 18661 4.781274973043506E-1
18477 18288 4.1288877534845136E-1
18477 18289 8.910425222178958E-1
18477 18290 4.403544751927755E-1
18477 18476 5.761500314476057E-1
18477 18477 -3.5522453650752803
18477 18478 5.304339505374444E-1
18477 18661 7.013756103311076E-1
18478 18290 5.968377797410351E-1
18478 18477 5.304339505374444E-1
18478 18478 -3.4689134803517354
18478 18479 6.390738522326498E-1
18478 18661 5.639447338909382E-1
18478 18662 5.800599546161402E-1
18478 18663 5.585632093335277E-1
18479 18290 2.3870355505580554E-1
18479 18478 6.390738522326498E-1
18479 18479 -3.61220986048494
18479 18480 9.373038225588561E-1
18479 18663 5.856886773175243E-1
18479 18664 4.6152695892212386E-1
18479 18665 7.499129943979801E-1
18480 18290 7.732031406341674E-1
18480 18291 8.160729200994759E-1
18480 18479 9.373038225588561E-1
18480 18480 -3.738693918905221
18480 18481 8.422055715418435E-1
18480 18665 3.6990846407087763E-1
18481 18291 3.942423785344935E-1
18481 18292 5.609283426819747E-1
18481 18480 8.422055715418435E-1
18481 18481 -3.5325524740464505
18481 18482 5.993854294375311E-1
18481 18665 6.157479212284804E-1
18481 18666 5.20042830622127E-1
18482 18292 2.655533075444612E-1
18482 18481 5.993854294375311E-1
18482 18482 -1.6887288161950966
18482 18483 2.9891207492621025E-1
18482 18666 5.248780042868942E-1
18483 18482 2.9891207492621025E-1
18483 18483 -1.688229116049416
18483 18666 5.513617289031942E-1
18483 18667 5.492801776252059E-1
18483 18668 2.8867513459480576E-1
18562 18283 5.68529497705236E-1
18562 18366 5.825713929436711E-1
18562 18472 5.879353169264379E-1
18562 18562 -3.4642317385155104
18562 18563 5.765266103750921E-1
18562 18656 5.73104133579772E-1
18562 18742 5.755647869853013E-1
18563 18366 5.623976843926117E-1
18563 18367 6.168755076608711E-1
18563 18562 5.765266103750921E-1
18563 18563 -3.46516971061559
18563 18564 5.695758891464133E-1
18563 18742 5.802680810621056E-1
18563 18743 5.595259379784965E-1
18564 18367 5.168819350624654E-1
18564 18368 6.556293432089818E-1
18564 18563 5.695758891464133E-1
18564 18564 -3.4701645743310743
18564 18565 5.273173772147843E-1
18564 18743 6.094225804633953E-1
18564 18744 5.913374492350342E-1
18565 18368 5.436228791459587E-1
18565 18369 6.599612851306544E-1
18565 18370 5.312823966440638E-1
18565 18564 5.273173772147843E-1
18565 18565 -3.470761378605494
18565 18566 5.990946949551506E-1
18565 18744 6.094827455148821E-1
18566 18370 5.844181961360503E-1
18566 18565 5.990946949551506E-1
18566 18566 -3.4650426824271827
18566 18567 5.832446310036693E-1
18566 18744 5.472717529320268E-1
18566 18745 5.827183303700219E-1
18566 18746 5.682950770302642E-1
18567 18370 5.249149840772365E-1
18567 18371 6.16588039520876E-1
18567 18566 5.832446310036693E-1
18567 18567 -3.4682785423086377
18567 18568 6.17614203397086E-1
18567 18746 5.852964860181981E-1
18567 18747 5.406201982915724E-1
18568 18371 4.0061610494531685E-1
18568 18372 8.75148376598305E-1
18568 18373 4.59914480838402E-1
18568 18567 6.17614203397086E-1
18568 18568 -3.53843098900032
18568 18569 5.610544731771048E-1
18568 18747 6.240833500441052E-1
18569 18373 5.5665976269141E-1
18569 18568 5.610544731771048E-1
18569 18569 -3.4682723852372996
18569 18570 6.343715204990865E-1
18569 18747 5.540963121044284E-1
18569 18748 5.846330278475929E-1
18569 18749 5.77457288917677E-1
18570 18373 3.3033330637149133E-1
18570 18374 8.900202050553966E-1
18570 18569 6.343715204990865E-1
18570 18570 -3.5550764574578726
18570 18571 5.118752272318154E-1
18570 18749 5.772487218426503E-1
18570 18750 6.112274764574328E-1
18571 18374 5.424886007538006E-1
18571 18375 3.8198039966182296E-1
18571 18570 5.118752272318154E-1
18571 18571 -3.3999161173687775
18571 18572 4.8245401343465266E-1
18571 18573 5.388153399971969E-1
18571 18750 4.736533599773124E-1
18571 18751 4.686491763121767E-1
18572 18377 2.5550767359037274E-1
18572 18571 4.8245401343465266E-1
18572 18572 -3.6921603271235184
18572 18573 9.708510947772876E-1
18572 18654 1.0062564540903385
18572 18751 5.227332668930659E-1
18572 18752 4.543578243378011E-1
18573 18375 8.406522127045952E-1
18573 18376 8.65835376260205E-1
18573 18377 5.053981517728228E-1
18573 18571 5.388153399971969E-1
18573 18572 9.708510947772876E-1
18573 18573 -3.7215521755121075
18574 18377 1.8663989088039562E-1
18574 18574 -1.794706776135426
18574 18654 9.869102521837041E-1
18574 18753 3.8318187623586486E-1
18574 18754 2.3797475683546143E-1
18654 18377 4.798929439879905E-1
18654 18572 1.0062564540903385
18654 18574 9.869102521837041E-1
18654 18654 -3.7465348390700584
18654 18752 6.070352675115944E-1
18654 18753 6.664399212964308E-1
18656 18472 5.787751596288142E-1
18656 18562 5.73104133579772E-1
18656 18656 -3.464240206539217
18656 18657 5.888389823627439E-1
18656 18742 5.774993022699153E-1
18656 18830 5.690879055185043E-1
18656 18911 5.769347231794679E-1
18657 18472 5.32528617534884E-1
18657 18473 6.340238644789415E-1
18657 18656 5.888389823627439E-1
18657 18657 -3.467673705701018
18657 18658 5.474741070301641E-1
18657 18830 5.888446753218546E-1
18657 18831 5.759634589724305E-1
18658 18473 5.123492331869797E-1
18658 18474 6.992200471114404E-1
18658 18475 5.553673222094079E-1
18658 18657 5.474741070301641E-1
18658 18658 -3.473759116745722
18658 18659 5.773490855137846E-1
18658 18831 5.819993216939456E-1
18659 18475 5.773515777166647E-1
18659 18658 5.773490855137846E-1
18659 18659 -3.464101615143036
18659 18660 5.773502689400752E-1
18659 18831 5.77348465797002E-1
18659 18832 5.773518184569497E-1
18659 18833 5.773503987185594E-1
18660 18475 5.464889970083774E-1
18660 18476 6.053713918586479E-1
18660 18659 5.773502689400752E-1
18660 18660 -3.465774825335624
18660 18661 5.81863628950257E-1
18660 18833 5.773502687770892E-1
18660 18834 5.773502698011774E-1
18661 18476 4.781274973043506E-1
18661 18477 7.013756103311076E-1
18661 18478 5.639447338909382E-1
18661 18660 5.81863628950257E-1
18661 18661 -3.475659082977102
18661 18662 5.732771467411674E-1
18661 18834 5.77070465759281E-1
18662 18478 5.800599546161402E-1
18662 18661 5.732771467411674E-1
18662 18662 -3.4641494432871984
18662 18663 5.822462880253215E-1
18662 18834 5.781910370211685E-1
18662 18835 5.781910370621322E-1
18662 18836 5.721839798212689E-1
18663 18478 5.585632093335277E-1
18663 18479 5.856886773175243E-1
18663 18662 5.822462880253215E-1
18663 18663 -3.4655301077351153
18663 18664 6.075945427735441E-1
18663 18836 5.854079395477578E-1
18663 18837 5.460294507374396E-1
18664 18479 4.6152695892212386E-1
18664 18663 6.075945427735441E-1
18664 18664 -3.482316503565345
18664 18665 6.452720766009998E-1
18664 18837 6.279311314741918E-1
18664 18838 5.745038713785637E-1
18664 18839 5.654879224159217E-1
18665 18479 7.499129943979801E-1
18665 18480 3.6990846407087763E-1
18665 18481 6.157479212284804E-1
18665 18664 6.452720766009998E-1
18665 18665 -3.54417996418366
18665 18666 7.479485443608611E-1
18665 18839 4.1538996352446067E-1
18666 18481 5.20042830622127E-1
18666 18482 5.248780042868942E-1
18666 18483 5.513617289031942E-1
18666 18665 7.479485443608611E-1
18666 18666 -3.511562020477431
18666 18667 7.325776775184785E-1
18666 18839 4.347532347858755E-1
18667 18483 5.492801776252059E-1
18667 18666 7.325776775184785E-1
18667 18667 -3.5659604819442428
18667 18668 4.651642255163074E-1
18667 18839 4.5629618759289325E-1
18667 18840 8.751650769977286E-1
18667 18841 4.8747713669362924E-1
18668 18483 2.8867513459480576E-1
18668 18667 4.651642255163074E-1
18668 18668 -1.7158371805299488
18668 18841 7.521813755878464E-1
18668 18842 2.0981644483098905E-1
18742 18562 5.755647869853013E-1
18742 18563 5.802680810621056E-1
18742 18656 5.774993022699153E-1
18742 18742 -3.4641174084432373
18742 18743 5.778615090259189E-1
18742 18911 5.776388210609944E-1
18742 18912 5.752849080390016E-1
18743 18563 5.595259379784965E-1
18743 18564 6.094225804633953E-1
18743 18742 5.778615090259189E-1
18743 18743 -3.4651018586198963
18743 18744 5.551776834260532E-1
18743 18912 5.833513411095759E-1
18743 18913 5.797628066164563E-1
18744 18564 5.913374492350342E-1
18744 18565 6.094827455148821E-1
18744 18566 5.472717529320268E-1
18744 18743 5.551776834260532E-1
18744 18744 -3.46554520618157
18744 18745 5.806024275087391E-1
18744 18913 5.816731475648351E-1
18745 18566 5.827183303700219E-1
18745 18744 5.806024275087391E-1
18745 18745 -3.4641444771196577
18745 18746 5.767210616210954E-1
18745 18913 5.729632021539406E-1
18745 18914 5.764503203879706E-1
18745 18915 5.746891350778902E-1
18746 18566 5.682950770302642E-1
18746 18567 5.852964860181981E-1
18746 18745 5.767210616210954E-1
18746 18746 -3.464288065564736
18746 18747 5.836423759905901E-1
18746 18915 5.81168053282531E-1
18746 18916 5.691650116220579E-1
18747 18567 5.406201982915724E-1
18747 18568 6.240833500441052E-1
18747 18569 5.540963121044284E-1
18747 18746 5.836423759905901E-1
18747 18747 -3.4670128297151037
18747 18748 5.728533184079079E-1
18747 18916 5.917172748764995E-1
18748 18569 5.846330278475929E-1
18748 18747 5.728533184079079E-1
18748 18748 -3.4642132100867737
18748 18749 5.773792084648681E-1
18748 18916 5.74601685085953E-1
18748 18917 5.7729341250006E-1
18748 18918 5.774525577803917E-1
18749 18569 5.77457288917677E-1
18749 18570 5.772487218426503E-1
18749 18748 5.773792084648681E-1
18749 18749 -3.464101632433192
18749 18750 5.773641759955015E-1
18749 18918 5.772874628441278E-1
18749 18919 5.773647743683669E-1
18750 18570 6.112274764574328E-1
18750 18571 4.736533599773124E-1
18750 18749 5.773641759955015E-1
18750 18750 -3.4787369404338757
18750 18751 6.852883370661862E-1
18750 18919 5.773396713808926E-1
18750 18920 5.538639195565505E-1
18751 18571 4.686491763121767E-1
18751 18572 5.227332668930659E-1
18751 18750 6.852883370661862E-1
18751 18751 -3.4937182027112117
18751 18752 7.129168258364831E-1
18751 18920 5.980832327597136E-1
18751 18921 5.060473638435857E-1
18752 18572 4.543578243378011E-1
18752 18654 6.070352675115944E-1
18752 18751 7.129168258364831E-1
18752 18752 -3.5013163209292917
18752 18753 6.507651928327598E-1
18752 18921 5.305262644750798E-1
18752 18922 5.457149459355735E-1
18753 18574 3.8318187623586486E-1
18753 18654 6.664399212964308E-1
18753 18752 6.507651928327598E-1
18753 18753 -3.5186114699518147
18753 18754 7.132137776871097E-1
18753 18922 4.6510871925948877E-1
18753 18923 6.399019826401606E-1
18754 18574 2.3797475683546143E-1
18754 18753 7.132137776871097E-1
18754 18754 -1.7035372253532897
18754 18755 2.840755855929835E-1
18754 18923 4.6827310523773497E-1
18755 18754 2.840755855929835E-1
18755 18755 -1.6897455738938307
18755 18923 5.911807906640074E-1
18755 18924 5.258140635455886E-1
18755 18925 2.886751340912512E-1
18830 18656 5.690879055185043E-1
18830 18657 5.888446753218546E-1
18830 18830 -3.464235141891256
18830 18831 5.741157807704265E-1
18830 18911 5.776211184875137E-1
18830 18999 5.772850369261199E-1
18830 19000 5.77280624866837E-1
18831 18657 5.759634589724305E-1
18831 18658 5.819993216939456E-1
18831 18659 5.77348465797002E-1
18831 18830 5.741157807704265E-1
18831 18831 -3.4641577065414855
18831 18832 5.773416259176427E-1
18831 18999 5.773890533900381E-1
18832 18659 5.773518184569497E-1
18832 18831 5.773416259176427E-1
18832 18832 -3.464101615272005
18832 18833 5.773498819608449E-1
18832 18999 5.773506051406796E-1
18832 19088 5.773486830842214E-1
18832 19166 5.773590007116671E-1
18833 18659 5.773503987185594E-1
18833 18660 5.773502687770892E-1
18833 18832 5.773498819608449E-1
18833 18833 -3.464101615137899
18833 18834 5.773502691179812E-1
18833 19088 5.773505273673409E-1
18833 19089 5.773502691960835E-1
18834 18660 5.773502698011774E-1
18834 18661 5.77070465759281E-1
18834 18662 5.781910370211685E-1
18834 18833 5.773502691179812E-1
18834 18834 -3.464102294859627
18834 18835 5.767899840861366E-1
18834 19089 5.773502690738821E-1
18835 18662 5.781910370621322E-1
18835 18834 5.767899840861366E-1
18835 18835 -3.4641022948595936
18835 18836 5.770704660581623E-1
18835 19089 5.773502690596941E-1
18835 19090 5.773502690171023E-1
18835 19091 5.77350269576366E-1
18836 18662 5.721839798212689E-1
18836 18663 5.854079395477578E-1
18836 18835 5.770704660581623E-1
18836 18836 -3.4641584808449535
18836 18837 5.747955571697922E-1
18836 19091 5.773502686981423E-1
18836 19092 5.773502695498295E-1
18837 18663 5.460294507374396E-1
18837 18664 6.279311314741918E-1
18837 18836 5.747955571697922E-1
18837 18837 -3.4661914596081314
18837 18838 5.627347821261288E-1
18837 19092 5.773502686462386E-1
18837 19093 5.773502694543399E-1
18838 18664 5.745038713785637E-1
18838 18837 5.627347821261288E-1
18838 18838 -3.46752011368061
18838 18839 5.809315619905285E-1
18838 19093 5.773502690367244E-1
18838 19094 5.433028115519363E-1
18838 19095 6.286968175967282E-1
18839 18664 5.654879224159217E-1
18839 18665 4.1538996352446067E-1
18839 18666 4.347532347858755E-1
18839 18667 4.5629618759289325E-1
18839 18838 5.809315619905285E-1
18839 18839 -3.412141913102897
18839 18840 6.059063370164232E-1
18839 19095 3.533767057767943E-1
18840 18667 8.751650769977286E-1
18840 18839 6.059063370164232E-1
18840 18840 -3.701068531621342
18840 18841 8.015981929099562E-1
18840 19095 9.049625355755616E-1
18840 19096 5.134363891216724E-1
18841 18667 4.8747713669362924E-1
18841 18668 7.521813755878464E-1
18841 18840 8.015981929099562E-1
18841 18841 -3.5764165446751295
18841 18842 6.419240252672422E-1
18841 19096 6.115558273555229E-1
18841 19097 2.816799868609327E-1
18842 18668 2.0981644483098905E-1
18842 18841 6.419240252672422E-1
18842 18842 -1.7039248540713037
18842 19097 6.333917395614101E-1
18842 19098 2.1879264441166218E-1
18911 18656 5.769347231794679E-1
18911 18742 5.776388210609944E-1
18911 18830 5.776211184875137E-1
18911 18911 -3.4641017990286693
18911 18912 5.771880232206056E-1
18911 19000 5.773536295228603E-1
18911 19001 5.773654835572273E-1
18912 18742 5.752849080390016E-1
18912 18743 5.833513411095759E-1
18912 18911 5.771880232206056E-1
18912 18912 -3.4641320532364532
18912 18913 5.738324906254813E-1
18912 19001 5.773289741473495E-1
18912 19002 5.771463160944399E-1
18913 18743 5.797628066164563E-1
18913 18744 5.816731475648351E-1
18913 18745 5.729632021539406E-1
18913 18912 5.738324906254813E-1
18913 18913 -3.4641372873758627
18913 18914 5.781430973043528E-1
18913 19002 5.777625431107969E-1
18914 18745 5.764503203879706E-1
18914 18913 5.781430973043528E-1
18914 18914 -3.46410276629013
18914 18915 5.779158633329533E-1
18914 19002 5.770009789447546E-1
18914 19003 5.773640416457106E-1
18914 19004 5.772284646743884E-1
18915 18745 5.746891350778902E-1
18915 18746 5.81168053282531E-1
18915 18914 5.779158633329533E-1
18915 18915 -3.4641199216546714
18915 18916 5.746194112712683E-1
18915 19004 5.778274380977838E-1
18915 19005 5.779000205922453E-1
18916 18746 5.691650116220579E-1
18916 18747 5.917172748764995E-1
18916 18748 5.74601685085953E-1
18916 18915 5.746194112712683E-1
18916 18916 -3.4642835013055944
18916 18917 5.772028495104254E-1
18916 19005 5.769772689393904E-1
18917 18748 5.7729341250006E-1
18917 18916 5.772028495104254E-1
18917 18917 -3.4641016776930496
18917 18918 5.77317973346054E-1
18917 19005 5.775968167761492E-1
18917 19006 5.773403563410602E-1
18917 19007 5.773502692193007E-1
18918 18748 5.774525577803917E-1
18918 18749 5.772874628441278E-1
18918 18917 5.77317973346054E-1
18918 18918 -3.46410162397021
18918 18919 5.773423710486152E-1
18918 19007 5.773506225928023E-1
18918 19008 5.773506363582186E-1
18919 18749 5.773647743683669E-1
18919 18750 5.773396713808926E-1
18919 18918 5.773423710486152E-1
18919 18919 -3.464101615352041
18919 18920 5.773518248220617E-1
18919 19008 5.773505957857188E-1
18919 19009 5.773523779463857E-1
18920 18750 5.538639195565505E-1
18920 18751 5.980832327597136E-1
18920 18919 5.773518248220617E-1
18920 18920 -3.466111324959293
18920 18921 6.164090836166375E-1
18920 19009 5.740582715857134E-1
18920 19010 5.463449926186164E-1
18921 18751 5.060473638435857E-1
18921 18752 5.305262644750798E-1
18921 18920 6.164090836166375E-1
18921 18921 -3.4740878051775086
18921 18922 6.764685552187506E-1
18921 19010 6.103515742692678E-1
18921 19011 5.342849637541874E-1
18922 18752 5.457149459355735E-1
18922 18753 4.6510871925948877E-1
18922 18921 6.764685552187506E-1
18922 18922 -3.481908725362234
18922 18923 6.840356851994888E-1
18922 19011 5.303276590312174E-1
18922 19012 5.80253160717715E-1
18923 18753 6.399019826401606E-1
18923 18754 4.6827310523773497E-1
18923 18755 5.911807906640074E-1
18923 18922 6.840356851994888E-1
18923 18923 -3.506624596013943
18923 18924 7.366642620313868E-1
18923 19012 3.865687702411643E-1
18924 18755 5.258140635455886E-1
18924 18923 7.366642620313868E-1
18924 18924 -3.627304081421309
18924 18925 3.711045807153395E-1
18924 19012 7.435284293355553E-1
18924 19013 2.9195846780663093E-1
18924 19014 9.58234277986808E-1
18925 18755 2.886751340912512E-1
18925 18924 3.711045807153395E-1
18925 18925 -1.7782059767831746
18925 18926 1.9734337567926663E-1
18925 19014 9.21082886297317E-1
18926 18925 1.9734337567926663E-1
18926 18926 -1.6177674990969566
18926 19014 4.126672196280046E-1
18926 19015 4.098280765669293E-1
18926 19016 4.02040087172307E-1
18926 19017 1.958887400504492E-1
18999 18830 5.772850369261199E-1
18999 18831 5.773890533900381E-1
18999 18832 5.773506051406796E-1
18999 18999 -3.464101620276839
18999 19000 5.774004720356916E-1
18999 19166 5.773360726144277E-1
18999 19168 5.773403801698824E-1
19000 18830 5.77280624866837E-1
19000 18911 5.773536295228603E-1
19000 18999 5.774004720356916E-1
19000 19000 -3.4641016194649605
19000 19001 5.773616529818786E-1
19000 19168 5.77341596667098E-1
19000 19169 5.773636433905953E-1
19001 18911 5.773654835572273E-1
19001 18912 5.773289741473495E-1
19001 19000 5.773616529818786E-1
19001 19001 -3.4641016204444917
19001 19002 5.773799508160663E-1
19001 19169 5.773160053512186E-1
19001 19170 5.773495535907511E-1
19002 18912 5.771463160944399E-1
19002 18913 5.777625431107969E-1
19002 18914 5.770009789447546E-1
19002 19001 5.773799508160663E-1
19002 19002 -3.464101796060937
19002 19003 5.774305126472786E-1
19002 19170 5.773814944476009E-1
19003 18914 5.773640416457106E-1
19003 19002 5.774305126472786E-1
19003 19003 -3.464101624768375
19003 19004 5.773027545440697E-1
19003 19170 5.773237049689304E-1
19003 19171 5.773187943803069E-1
19003 19172 5.773618165820793E-1
19004 18914 5.772284646743884E-1
19004 18915 5.778274380977838E-1
19004 19003 5.773027545440697E-1
19004 19004 -3.4641018557539263
19004 19005 5.770294619357377E-1
19004 19172 5.773222568072001E-1
19004 19173 5.773914796947468E-1
19005 18915 5.779000205922453E-1
19005 18916 5.769772689393904E-1
19005 18917 5.775968167761492E-1
19005 19004 5.770294619357377E-1
19005 19005 -3.4641020403699385
19005 19006 5.773270150020621E-1
19005 19173 5.77271457124354E-1
19006 18917 5.773403563410602E-1
19006 19005 5.773270150020621E-1
19006 19006 -3.4641016172135415
19006 19007 5.773502692691415E-1
19006 19173 5.77383438111702E-1
19006 19174 5.77350269438357E-1
19006 19175 5.773502690512193E-1
19007 18917 5.773502692193007E-1
19007 18918 5.773506225928023E-1
19007 19006 5.773502692691415E-1
19007 19007 -3.464101615138025
19007 19008 5.77349738817414E-1
19007 19175 5.773502691569035E-1
19007 19176 5.77350446082463E-1
19008 18918 5.773506363582186E-1
19008 18919 5.773505957857188E-1
19008 19007 5.77349738817414E-1
19008 19008 -3.464101615140371
19008 19009 5.77349412035284E-1
19008 19176 5.773502690038885E-1
19008 19177 5.773509631398466E-1
19009 18919 5.773523779463857E-1
19009 18920 5.740582715857134E-1
19009 19008 5.77349412035284E-1
19009 19009 -3.464197790688619
19009 19010 5.874973226814058E-1
19009 19177 5.772664675566551E-1
19009 19178 5.706739388831751E-1
19010 18920 5.463449926186164E-1
19010 18921 6.103515742692678E-1
19010 19009 5.874973226814058E-1
19010 19010 -3.4655407140232977
19010 19011 5.654271216555897E-1
19010 19178 5.867276488795545E-1
19010 19179 5.691920539188635E-1
19011 18921 5.342849637541874E-1
19011 18922 5.303276590312174E-1
19011 19010 5.654271216555897E-1
19011 19011 -3.470156811284461
19011 19012 6.641223409701092E-1
19011 19179 5.893226731132977E-1
19011 19180 5.866720527600594E-1
19012 18922 5.80253160717715E-1
19012 18923 3.865687702411643E-1
19012 18924 7.435284293355553E-1
19012 19011 6.641223409701092E-1
19012 19012 -3.5033142403500332
19012 19013 6.147167471320436E-1
19012 19180 5.141247919534457E-1
19013 18924 2.9195846780663093E-1
19013 19012 6.147167471320436E-1
19013 19013 -3.4407223681513495
19013 19014 4.7048822549385144E-1
19013 19015 6.300542369091942E-1
19013 19180 5.301173260770927E-1
19013 19181 4.884942645083408E-1
19013 19182 4.148931002241962E-1
19014 18924 9.58234277986808E-1
19014 18925 9.21082886297317E-1
19014 18926 4.126672196280046E-1
19014 19013 4.7048822549385144E-1
19014 19014 -3.8195071892485464
19014 19015 1.0570345798425658
19015 18926 4.098280765669293E-1
19015 19013 6.300542369091942E-1
19015 19014 1.0570345798425658
19015 19015 -3.8067987108873282
19015 19016 1.0426524925390015
19015 19182 6.672293250296377E-1
19016 18926 4.02040087172307E-1
19016 19015 1.0426524925390015
19016 19016 -3.8237901275438326
19016 19017 9.4656504303904E-1
19016 19182 4.6929021259787834E-1
19016 19183 9.632422921956061E-1
19017 18926 1.958887400504492E-1
19017 19016 9.4656504303904E-1
19017 19017 -1.7896577880076814
19017 19183 3.585288703233735E-1
19017 19184 2.886751345948186E-1
19088 18832 5.773486830842214E-1
19088 18833 5.773505273673409E-1
19088 19088 -3.464101615142944
19088 19089 5.773502692554717E-1
19088 19166 5.77349977447112E-1
19088 19253 5.773500618628005E-1
19088 19324 5.773520961259977E-1
19089 18833 5.773502691960835E-1
19089 18834 5.773502690738821E-1
19089 18835 5.773502690596941E-1
19089 19088 5.773502692554717E-1
19089 19089 -3.464101615137755
19089 19090 5.773502689346374E-1
19089 19253 5.773502696179862E-1
19090 18835 5.773502690171023E-1
19090 19089 5.773502689346374E-1
19090 19090 -3.4641016151377544
19090 19091 5.77350269237479E-1
19090 19253 5.773502697784639E-1
19090 19254 5.773502689939927E-1
19090 19255 5.773502691760793E-1
19091 18835 5.77350269576366E-1
19091 18836 5.773502686981423E-1
19091 19090 5.77350269237479E-1
19091 19091 -3.4641016151377544
19091 19092 5.773502691037269E-1
19091 19255 5.773502692042493E-1
19091 19256 5.77350269317791E-1
19092 18836 5.773502695498295E-1
19092 18837 5.773502686462386E-1
19092 19091 5.773502691037269E-1
19092 19092 -3.464101615137755
19092 19093 5.773502693289803E-1
19092 19256 5.773502690297153E-1
19092 19257 5.77350269479264E-1
19093 18837 5.773502694543399E-1
19093 18838 5.773502690367244E-1
19093 19092 5.773502693289803E-1
19093 19093 -3.464101615137755
19093 19094 5.773502693204939E-1
19093 19257 5.773502687753531E-1
19093 19258 5.773502692218633E-1
19094 18838 5.433028115519363E-1
19094 19093 5.773502693204939E-1
19094 19094 -3.466956733109604
19094 19095 6.32423206020768E-1
19094 19258 5.773502690775396E-1
19094 19259 5.566344411160707E-1
19094 19260 5.798957360227949E-1
19095 18838 6.286968175967282E-1
19095 18839 3.533767057767943E-1
19095 18840 9.049625355755616E-1
19095 19094 6.32423206020768E-1
19095 19095 -3.553258318863798
19095 19096 5.278838568490867E-1
19095 19260 5.059151970448592E-1
19096 18840 5.134363891216724E-1
19096 18841 6.115558273555229E-1
19096 19095 5.278838568490867E-1
19096 19096 -3.517278954597727
19096 19097 7.963492849304175E-1
19096 19260 6.264043284410012E-1
19096 19261 4.416492679000259E-1
19097 18841 2.816799868609327E-1
19097 18842 6.333917395614101E-1
19097 19096 7.963492849304175E-1
19097 19097 -3.542206578841873
19097 19098 7.321455397145956E-1
19097 19261 4.792169617051346E-1
19097 19262 6.19423066069382E-1
19098 18842 2.1879264441166218E-1
19098 19097 7.321455397145956E-1
19098 19098 -1.707335963250112
19098 19262 4.887326352647599E-1
19098 19263 2.6766514385909423E-1
19166 18832 5.773590007116671E-1
19166 18999 5.773360726144277E-1
19166 19088 5.77349977447112E-1
19166 19166 -3.4641016153736954
19166 19168 5.773610424277074E-1
19166 19324 5.773473812592365E-1
19166 19325 5.773481409135448E-1
19168 18999 5.773403801698824E-1
19168 19000 5.77341596667098E-1
19168 19166 5.773610424277074E-1
19168 19168 -3.4641016153982163
19168 19169 5.773620483869244E-1
19168 19325 5.773492291381147E-1
19168 19326 5.77347318608489E-1
19169 19000 5.773636433905953E-1
19169 19001 5.773160053512186E-1
19169 19168 5.773620483869244E-1
19169 19169 -3.4641016163854434
19169 19170 5.773420673148448E-1
19169 19326 5.773533585474909E-1
19169 19402 5.773644933943696E-1
19170 19001 5.773495535907511E-1
19170 19002 5.773814944476009E-1
19170 19003 5.773237049689304E-1
19170 19169 5.773420673148448E-1
19170 19170 -3.46410161785258
19170 19171 5.773712755598817E-1
19170 19402 5.773335219705711E-1
19171 19003 5.773187943803069E-1
19171 19170 5.773712755598817E-1
19171 19171 -3.4641016158330995
19171 19172 5.773552914713915E-1
19171 19402 5.773589117983791E-1
19171 19403 5.773492269003075E-1
19171 19404 5.773481157228333E-1
19172 19003 5.773618165820793E-1
19172 19004 5.773222568072001E-1
19172 19171 5.773552914713915E-1
19172 19172 -3.4641016156579134
19172 19173 5.773557537581302E-1
19172 19404 5.773530220010299E-1
19172 19405 5.773534750380827E-1
19173 19004 5.773914796947468E-1
19173 19005 5.77271457124354E-1
19173 19006 5.77383438111702E-1
19173 19172 5.773557537581302E-1
19173 19173 -3.4641016200780093
19173 19174 5.773502686687189E-1
19173 19405 5.773492227203576E-1
19174 19006 5.77350269438357E-1
19174 19173 5.773502686687189E-1
19174 19174 -3.464101615137755
19174 19175 5.773502692197695E-1
19174 19405 5.773502692857493E-1
19174 19406 5.773502702899664E-1
19174 19407 5.773502682351936E-1
19175 19006 5.773502690512193E-1
19175 19007 5.773502691569035E-1
19175 19174 5.773502692197695E-1
19175 19175 -3.4641016151377544
19175 19176 5.773502691890005E-1
19175 19407 5.773502694364607E-1
19175 19408 5.773502690844008E-1
19176 19007 5.77350446082463E-1
19176 19008 5.773502690038885E-1
19176 19175 5.773502691890005E-1
19176 19176 -3.4641016151378623
19176 19177 5.77350092372322E-1
19176 19408 5.773502692067933E-1
19176 19409 5.773502692833952E-1
19177 19008 5.773509631398466E-1
19177 19009 5.772664675566551E-1
19177 19176 5.77350092372322E-1
19177 19177 -3.464101675513659
19177 19178 5.776006527843027E-1
19177 19409 5.773502690083823E-1
19177 19410 5.771832306521502E-1
19178 19009 5.706739388831751E-1
19178 19010 5.867276488795545E-1
19178 19177 5.776006527843027E-1
19178 19178 -3.4641872713098345
19178 19179 5.751647372187438E-1
19178 19410 5.775293005246862E-1
19178 19411 5.76490993019372E-1
19179 19010 5.691920539188635E-1
19179 19011 5.893226731132977E-1
19179 19178 5.751647372187438E-1
19179 19179 -3.464222343923982
19179 19180 5.797058424091744E-1
19179 19411 5.785086375683623E-1
19179 19412 5.723283996955403E-1
19180 19011 5.866720527600594E-1
19180 19012 5.141247919534457E-1
19180 19013 5.301173260770927E-1
19180 19179 5.797058424091744E-1
19180 19180 -3.4800537704642034
19180 19181 6.838786378787589E-1
19180 19412 5.855551193856723E-1
19181 19013 4.884942645083408E-1
19181 19180 6.838786378787589E-1
19181 19181 -3.4976640989986674
19181 19182 4.7180318643890046E-1
19181 19412 5.747959876734633E-1
19181 19413 5.92014790033578E-1
19181 19414 6.866772324656257E-1
19182 19013 4.148931002241962E-1
19182 19015 6.672293250296377E-1
19182 19016 4.6929021259787834E-1
19182 19181 4.7180318643890046E-1
19182 19182 -3.4421391179389813
19182 19183 3.1666625202240495E-1
19182 19414 5.219858926109209E-1
19182 19415 5.80271149015043E-1
19183 19016 9.632422921956061E-1
19183 19017 3.585288703233735E-1
