%%MatrixMarket matrix coordinate real general
%
24863 24863 5753
9006 9006 -1.763898636360734
9006 9007 3.593472774468644E-1
9006 9181 1.1125674851968836E-1
9006 9182 8.36830244663848E-1
9006 9183 4.564643657303333E-1
9007 9006 3.593472774468644E-1
9007 9007 -1.706633990483819
9007 9008 2.886751339197835E-1
9007 9183 4.120596640905632E-1
9007 9184 6.465519150266079E-1
9008 9007 2.886751339197835E-1
9008 9008 -1.687090423437373
9008 9009 2.691221436317018E-1
9008 9184 5.633286776333044E-1
9008 9185 5.659644682525831E-1
9009 9008 2.691221436317018E-1
9009 9009 -1.6888171355761665
9009 9010 2.672325016006654E-1
9009 9185 6.114927244661568E-1
9009 9186 5.409697658776427E-1
9010 9009 2.672325016006654E-1
9010 9010 -1.689017877091667
9010 9011 2.7326316040496795E-1
9010 9186 6.010365682066902E-1
9010 9187 5.474856468793435E-1
9011 9010 2.7326316040496795E-1
9011 9011 -1.7552961859811307
9011 9187 4.114061080817375E-1
9011 9188 8.658354204754697E-1
9011 9189 2.0479149701895555E-1
9176 9176 -1.6899231416265401
9176 9177 2.635286536066946E-1
9176 9350 2.4938822408334854E-1
9176 9351 5.599431532810208E-1
9176 9352 6.170631106554761E-1
9177 9176 2.635286536066946E-1
9177 9177 -1.6872367932757748
9177 9178 2.8519898311483244E-1
9177 9352 5.702156987884663E-1
9177 9353 5.682934577657814E-1
9178 9177 2.8519898311483244E-1
9178 9178 -1.6870320266752696
9178 9179 2.7871001776990184E-1
9178 9353 5.74683474299126E-1
9178 9354 5.484395514914093E-1
9179 9178 2.7871001776990184E-1
9179 9179 -1.692093790475924
9179 9180 2.8131949194019645E-1
9179 9354 6.423813846191303E-1
9179 9355 4.8968289614669525E-1
9180 9179 2.8131949194019645E-1
9180 9180 -1.6964399853942393
9180 9181 2.1857563022053822E-1
9180 9355 6.702101384579021E-1
9180 9356 5.263347247756027E-1
9181 9006 1.1125674851968836E-1
9181 9180 2.1857563022053822E-1
9181 9181 -1.7453193784262897
9181 9182 7.507179927367528E-1
9181 9356 6.647690069493101E-1
9182 9006 8.36830244663848E-1
9182 9181 7.507179927367528E-1
9182 9182 -3.665022247487687
9182 9183 6.191105413203255E-1
9182 9356 6.230078290017754E-1
9182 9357 8.353556397649848E-1
9183 9006 4.564643657303333E-1
9183 9007 4.120596640905632E-1
9183 9182 6.191105413203255E-1
9183 9183 -3.403676594279081
9183 9184 5.72378959852428E-1
9183 9357 4.04974711264228E-1
9183 9358 4.6871038207731086E-1
9183 9359 4.6997796994389207E-1
9184 9007 6.465519150266079E-1
9184 9008 5.633286776333044E-1
9184 9183 5.72378959852428E-1
9184 9184 -3.5002261283981353
9184 9185 4.6294344347399025E-1
9184 9359 6.199343356116869E-1
9184 9360 6.350887968001178E-1
9185 9008 5.659644682525831E-1
9185 9009 6.114927244661568E-1
9185 9184 4.6294344347399025E-1
9185 9185 -3.558325628910176
9185 9186 6.753212489962233E-1
9185 9360 9.041474506390013E-1
9185 9361 3.384562930822213E-1
9186 9009 5.409697658776427E-1
9186 9010 6.010365682066902E-1
9186 9185 6.753212489962233E-1
9186 9186 -3.4994208741209647
9186 9187 5.148090205137132E-1
9186 9361 4.8791955399436754E-1
9186 9362 6.793647165323281E-1
9187 9010 5.474856468793435E-1
9187 9011 4.114061080817375E-1
9187 9186 5.148090205137132E-1
9187 9187 -3.5816042777068464
9187 9188 8.406521660346018E-1
9187 9362 8.668910633925251E-1
9187 9363 4.0036027280492537E-1
9188 9011 8.658354204754697E-1
9188 9187 8.406521660346018E-1
9188 9188 -3.7215522876819733
9188 9189 5.05398100393863E-1
9188 9363 5.388151795640665E-1
9188 9364 9.70851421213972E-1
9189 9011 2.0479149701895555E-1
9189 9188 5.05398100393863E-1
9189 9189 -1.6322126671915373
9189 9190 1.8621117286478858E-1
9189 9364 2.559976034328265E-1
9189 9365 4.798142934811036E-1
9190 9189 1.8621117286478858E-1
9190 9190 -1.7956959615668748
9190 9191 2.3642098579167592E-1
9190 9365 9.899117282552172E-1
9190 9366 3.831520746551931E-1
9191 9190 2.3642098579167592E-1
9191 9191 -1.7054809209449033
9191 9192 2.811467716695305E-1
9191 9366 7.26807800263864E-1
9191 9367 4.6110536321983275E-1
9192 9191 2.811467716695305E-1
9192 9192 -1.6913705247465018
9192 9367 5.841652006100077E-1
9192 9368 5.672851566781243E-1
9192 9369 2.5877339578883934E-1
9349 9349 -1.7333590302878488
9349 9350 1.8055485342849192E-1
9349 9619 4.0969159355576246E-1
9349 9620 4.548383720188285E-1
9349 9622 6.882742112847662E-1
9350 9176 2.4938822408334854E-1
9350 9349 1.8055485342849192E-1
9350 9350 -1.7213552352781263
9350 9351 5.301026278862522E-1
9350 9622 7.613095298800336E-1
9351 9176 5.599431532810208E-1
9351 9350 5.301026278862522E-1
9351 9351 -3.483710304398219
9351 9352 6.081487710366849E-1
9351 9621 4.908525484598049E-1
9351 9622 6.896579514336262E-1
9351 9623 6.050052523008298E-1
9352 9176 6.170631106554761E-1
9352 9177 5.702156987884663E-1
9352 9351 6.081487710366849E-1
9352 9352 -3.468320733229484
9352 9353 5.831082659801778E-1
9352 9623 5.100333753678457E-1
9352 9624 5.797515114008336E-1
9353 9177 5.682934577657814E-1
9353 9178 5.74683474299126E-1
9353 9352 5.831082659801778E-1
9353 9353 -3.465367493349627
9353 9354 6.157389482423724E-1
9353 9624 5.718118128029456E-1
9353 9625 5.517315342592235E-1
9354 9178 5.484395514914093E-1
9354 9179 6.423813846191303E-1
9354 9353 6.157389482423724E-1
9354 9354 -3.4701461780162077
9354 9355 5.413762076844626E-1
9354 9625 6.061523550392822E-1
9354 9626 5.160577309395507E-1
9355 9179 4.8968289614669525E-1
9355 9180 6.702101384579021E-1
9355 9354 5.413762076844626E-1
9355 9355 -3.4815386890412916
9355 9356 5.54730983080292E-1
9355 9626 7.027177739770374E-1
9355 9627 5.228206896949019E-1
9356 9180 5.263347247756027E-1
9356 9181 6.647690069493101E-1
9356 9182 6.230078290017754E-1
9356 9355 5.54730983080292E-1
9356 9356 -3.4990589899493676
9356 9357 4.465568729348867E-1
9356 9627 6.836595732075006E-1
9357 9182 8.353556397649848E-1
9357 9183 4.04974711264228E-1
9357 9356 4.465568729348867E-1
9357 9357 -3.5380909297516077
9357 9358 6.659453825478754E-1
9357 9627 5.196523802561288E-1
9357 9628 6.656059429835042E-1
9358 9183 4.6871038207731086E-1
9358 9357 6.659453825478754E-1
9358 9358 -3.4898904482983077
9358 9359 7.163777344038262E-1
9358 9628 5.272854706119985E-1
9358 9629 5.868817203170011E-1
9358 9630 5.246897583402961E-1
9359 9183 4.6997796994389207E-1
9359 9184 6.199343356116869E-1
9359 9358 7.163777344038262E-1
9359 9359 -3.523745573193568
9359 9360 7.066288252680453E-1
9359 9630 6.188806528765437E-1
9359 9631 3.9194605508957353E-1
9360 9184 6.350887968001178E-1
9360 9185 9.041474506390013E-1
9360 9359 7.066288252680453E-1
9360 9360 -3.6771980392551358
9360 9361 5.671790696027534E-1
9360 9631 8.64153896945218E-1
9361 9185 3.384562930822213E-1
9361 9186 4.8791955399436754E-1
9361 9360 5.671790696027534E-1
9361 9361 -3.430293457526147
9361 9362 6.92525611665748E-1
9361 9631 4.749048268040951E-1
9361 9632 5.30988100586161E-1
9361 9633 3.3832000179080063E-1
9362 9186 6.793647165323281E-1
9362 9187 8.668910633925251E-1
9362 9361 6.92525611665748E-1
9362 9362 -3.681670971564103
9362 9363 5.397583532874715E-1
9362 9633 9.031312266860307E-1
9363 9187 4.0036027280492537E-1
9363 9188 5.388151795640665E-1
9363 9362 5.397583532874715E-1
9363 9363 -3.3981032348421785
9363 9364 4.8245331837363453E-1
9363 9633 4.716944645502749E-1
9363 9634 4.9637157947201554E-1
9363 9635 4.686500667897898E-1
9364 9188 9.70851421213972E-1
9364 9189 2.559976034328265E-1
9364 9363 4.8245331837363453E-1
9364 9364 -3.6909595174995626
9364 9365 1.0031541013274958
9364 9635 5.241663518540071E-1
9364 9636 4.54336721297626E-1
9365 9189 4.798142934811036E-1
9365 9190 9.899117282552172E-1
9365 9364 1.0031541013274958
9365 9365 -3.7462896245392385
9365 9366 6.622409629716562E-1
9365 9636 6.111685385037657E-1
9366 9190 3.831520746551931E-1
9366 9191 7.26807800263864E-1
9366 9365 6.622409629716562E-1
9366 9366 -3.516480443150243
9366 9367 6.129807699431133E-1
9366 9636 6.471713333116362E-1
9366 9637 4.8412750200477983E-1
9367 9191 4.6110536321983275E-1
9367 9192 5.841652006100077E-1
9367 9366 6.129807699431133E-1
9367 9367 -3.548097757676547
9367 9368 8.116401885953005E-1
9367 9637 7.499483582506468E-1
9367 9638 3.282578770576458E-1
9368 9192 5.672851566781243E-1
9368 9367 8.116401885953005E-1
9368 9368 -3.6438822129330344
9368 9369 5.932797719365049E-1
9368 9638 8.146352193255197E-1
9368 9639 7.69955498892131E-2
9368 9640 7.800463265083716E-1
9369 9192 2.5877339578883934E-1
9369 9368 5.932797719365049E-1
9369 9369 -1.688176833210282
9369 9640 5.474485312992026E-1
9369 9641 2.886751341857353E-1
9618 9618 -1.7499119191957606
9618 9619 2.714530189974545E-1
9618 9800 1.0684971778608243E-1
9618 9801 8.251110681323064E-1
9618 9802 5.464981142799172E-1
9619 9349 4.0969159355576246E-1
9619 9618 2.714530189974545E-1
9619 9619 -1.7298556698904548
9619 9620 3.845592960877344E-1
9619 9802 6.641517612495036E-1
9620 9349 4.548383720188285E-1
9620 9619 3.845592960877344E-1
9620 9620 -3.462721692701928
9620 9621 2.2369293113664557E-1
9620 9622 8.066128091813616E-1
9620 9802 5.000960302948714E-1
9620 9803 5.410634193354346E-1
9620 9804 5.518588346470522E-1
9621 9351 4.908525484598049E-1
9621 9620 2.2369293113664557E-1
9621 9621 -3.6017317996004112
9621 9622 7.236344770708041E-1
9621 9623 7.18305781298602E-1
9621 9804 6.437493626599756E-1
9621 9805 8.014966989745789E-1
9622 9349 6.882742112847662E-1
9622 9350 7.613095298800336E-1
9622 9351 6.896579514336262E-1
9622 9620 8.066128091813616E-1
9622 9621 7.236344770708041E-1
9622 9622 -3.669488978850592
9623 9351 6.050052523008298E-1
9623 9352 5.100333753678457E-1
9623 9621 7.18305781298602E-1
9623 9623 -3.492740107190371
9623 9624 6.257041170978019E-1
9623 9805 4.160285146357628E-1
9623 9806 6.176630664895296E-1
9624 9352 5.797515114008336E-1
9624 9353 5.718118128029456E-1
9624 9623 6.257041170978019E-1
9624 9624 -3.4666936648087736
9624 9625 5.849071138489352E-1
9624 9806 5.349988753443836E-1
9624 9807 5.69520234313874E-1
9625 9353 5.517315342592235E-1
9625 9354 6.061523550392822E-1
9625 9624 5.849071138489352E-1
9625 9625 -3.465155058750266
9625 9626 5.773894315846153E-1
9625 9807 5.825428473049525E-1
9625 9808 5.624317767132576E-1
9626 9354 5.160577309395507E-1
9626 9355 7.027177739770374E-1
9626 9625 5.773894315846153E-1
9626 9626 -3.4763681732506533
9626 9627 5.504118940197595E-1
9626 9808 6.192556216295744E-1
9626 9809 5.105357211001159E-1
9627 9355 5.228206896949019E-1
9627 9356 6.836595732075006E-1
9627 9357 5.196523802561288E-1
9627 9626 5.504118940197595E-1
9627 9627 -3.475409458905661
9627 9628 5.5193784157748E-1
9627 9809 6.469270801498901E-1
9628 9357 6.656059429835042E-1
9628 9358 5.272854706119985E-1
9628 9627 5.5193784157748E-1
9628 9628 -3.471274047422569
9628 9629 5.992609082193265E-1
9628 9809 5.225018757072235E-1
9628 9810 6.046820083230372E-1
9629 9358 5.868817203170011E-1
9629 9628 5.992609082193265E-1
9629 9629 -3.465441883009497
9629 9630 5.938198713200669E-1
9629 9810 5.518128851947262E-1
9629 9811 5.774156292477195E-1
9629 9812 5.562508687106573E-1
9630 9358 5.246897583402961E-1
9630 9359 6.188806528765437E-1
9630 9629 5.938198713200669E-1
9630 9630 -3.4682575903538635
9630 9631 5.884764217625129E-1
9630 9812 6.097106683109594E-1
9630 9813 5.326802177434844E-1
9631 9359 3.9194605508957353E-1
9631 9360 8.64153896945218E-1
9631 9361 4.749048268040951E-1
9631 9630 5.884764217625129E-1
9631 9631 -3.5352934537106
9631 9632 5.653494051562675E-1
9631 9813 6.504628479529326E-1
9632 9361 5.30988100586161E-1
9632 9631 5.653494051562675E-1
9632 9632 -3.471770237434111
9632 9633 6.760289836983728E-1
9632 9813 5.630171031929896E-1
9632 9814 5.773502691783682E-1
9632 9815 5.590363756219516E-1
9633 9361 3.3832000179080063E-1
9633 9362 9.031312266860307E-1
9633 9363 4.716944645502749E-1
9633 9632 6.760289836983728E-1
9633 9633 -3.5613594411309943
9633 9634 5.811158582812519E-1
9633 9815 5.910689061242629E-1
9634 9363 4.9637157947201554E-1
9634 9633 5.811158582812519E-1
9634 9634 -3.4765548694204877
9634 9635 6.852856807014942E-1
9634 9815 5.825697048237916E-1
9634 9816 5.773502691280824E-1
9634 9817 5.538617770138523E-1
9635 9363 4.686500667897898E-1
9635 9364 5.241663518540071E-1
9635 9634 6.852856807014942E-1
9635 9635 -3.49313128003136
9635 9636 7.087655731695964E-1
9635 9817 6.006634948293061E-1
9635 9818 5.056001126871661E-1
9636 9364 4.54336721297626E-1
9636 9365 6.111685385037657E-1
9636 9366 6.471713333116362E-1
9636 9635 7.087655731695964E-1
9636 9636 -3.500560201708411
9636 9637 5.441434195033592E-1
9636 9818 5.349746159224279E-1
9637 9366 4.8412750200477983E-1
9637 9367 7.499483582506468E-1
9637 9636 5.441434195033592E-1
9637 9637 -3.4994270471136253
9637 9638 4.6459046202405346E-1
9637 9818 6.700339131471766E-1
9637 9819 5.865833921836097E-1
9638 9367 3.282578770576458E-1
9638 9368 8.146352193255197E-1
9638 9637 4.6459046202405346E-1
9638 9638 -3.55756089955474
9638 9639 7.866877763584998E-1
9638 9819 6.10128619728044E-1
9638 9820 5.532609450609773E-1
9639 9368 7.69955498892131E-2
9639 9638 7.866877763584998E-1
9639 9639 -3.6364001231338574
9639 9640 8.373075338885005E-1
9639 9820 5.938218627158831E-1
9639 9821 5.592836198966213E-1
9639 9822 7.823037803851391E-1
9640 9368 7.800463265083716E-1
9640 9369 5.474485312992026E-1
9640 9639 8.373075338885005E-1
9640 9640 -3.6613068529766393
9640 9641 4.1401459929604123E-1
9640 9822 1.8111229004195523E-1
9640 9823 9.013775719425685E-1
9641 9369 2.886751341857353E-1
9641 9640 4.1401459929604123E-1
9641 9641 -1.7501564700764471
9641 9642 1.9089870315835167E-1
9641 9823 8.565680334363188E-1
9642 9641 1.9089870315835167E-1
9642 9642 -1.6211247476108626
9642 9823 4.5985839159589126E-1
9642 9824 4.2179651014963615E-1
9642 9825 3.5327851534393406E-1
9642 9826 1.9529262736304923E-1
9800 9618 1.0684971778608243E-1
9800 9800 -1.748464654349442
9800 9801 8.053054405619597E-1
9800 9949 3.223422908735396E-1
9800 9950 5.139672051278602E-1
9801 9618 8.251110681323064E-1
9801 9800 8.053054405619597E-1
9801 9801 -3.660070818037264
9801 9802 5.917758563093505E-1
9801 9950 6.444538703797273E-1
9801 9951 7.934245826539204E-1
9802 9618 5.464981142799172E-1
9802 9619 6.641517612495036E-1
9802 9620 5.000960302948714E-1
9802 9801 5.917758563093505E-1
9802 9802 -3.5090561002856298
9802 9803 6.537105335853877E-1
9802 9951 5.528238045665994E-1
9803 9620 5.410634193354346E-1
9803 9802 6.537105335853877E-1
9803 9803 -3.4867219334135453
9803 9804 5.433065289593589E-1
9803 9951 5.479031830427674E-1
9803 9952 6.869550241836556E-1
9803 9953 5.137832443069408E-1
9804 9620 5.518588346470522E-1
9804 9621 6.437493626599756E-1
9804 9803 5.433065289593589E-1
9804 9804 -3.4968450932614985
9804 9805 4.866397773649115E-1
9804 9953 6.564875322848206E-1
9804 9954 6.148030573453793E-1
9805 9621 8.014966989745789E-1
9805 9623 4.160285146357628E-1
9805 9804 4.866397773649115E-1
9805 9805 -3.5079549173274978
9805 9806 6.110790795754508E-1
9805 9954 5.702443293350665E-1
9805 9955 6.224665174417269E-1
9806 9623 6.176630664895296E-1
9806 9624 5.349988753443836E-1
9806 9805 6.110790795754508E-1
9806 9806 -3.4675127528070497
9806 9807 5.850192946821069E-1
9806 9955 5.415583138848203E-1
9806 9956 5.771941228307588E-1
9807 9624 5.69520234313874E-1
9807 9625 5.825428473049525E-1
9807 9806 5.850192946821069E-1
9807 9807 -3.464189776169694
9807 9808 5.766099793981125E-1
9807 9956 5.749866610900725E-1
9807 9957 5.755107593805759E-1
9808 9625 5.624317767132576E-1
9808 9626 6.192556216295744E-1
9808 9807 5.766099793981125E-1
9808 9808 -3.4653670556077434
9808 9809 5.701368322922544E-1
9808 9957 5.807274141747608E-1
9808 9958 5.56205431399784E-1
9809 9626 5.105357211001159E-1
9809 9627 6.469270801498901E-1
9809 9628 5.225018757072235E-1
9809 9808 5.701368322922544E-1
9809 9809 -3.4706611352218815
9809 9810 6.070299063035873E-1
9809 9958 6.135297196688103E-1
9810 9628 6.046820083230372E-1
9810 9629 5.518128851947262E-1
9810 9809 6.070299063035873E-1
9810 9810 -3.4659222976490196
9810 9811 5.776180160343355E-1
9810 9958 5.505051419893108E-1
9810 9959 5.742743398040226E-1
9811 9629 5.774156292477195E-1
9811 9810 5.776180160343355E-1
9811 9811 -3.4641020978372277
9811 9812 5.773501222115623E-1
9811 9959 5.773088783477154E-1
9811 9960 5.770593578716744E-1
9811 9961 5.773500941242206E-1
9812 9629 5.562508687106573E-1
9812 9630 6.097106683109594E-1
9812 9811 5.773501222115623E-1
9812 9812 -3.465077006709535
9812 9813 5.670646895205842E-1
9812 9961 5.773503890398983E-1
9812 9962 5.773502689158736E-1
9813 9630 5.326802177434844E-1
9813 9631 6.504628479529326E-1
9813 9632 5.630171031929896E-1
9813 9812 5.670646895205842E-1
9813 9813 -3.4679253968315353
9813 9814 5.773502692901685E-1
9813 9962 5.773502691313761E-1
9814 9632 5.773502691783682E-1
9814 9813 5.773502692901685E-1
9814 9814 -3.464101615137755
9814 9815 5.773502690715453E-1
9814 9962 5.773502693345366E-1
9814 9963 5.773502690214904E-1
9814 9964 5.773502692416457E-1
9815 9632 5.590363756219516E-1
9815 9633 5.910689061242629E-1
9815 9634 5.825697048237916E-1
9815 9814 5.773502690715453E-1
9815 9815 -3.4647257941204224
9815 9816 5.773502692720774E-1
9815 9964 5.773502692067938E-1
9816 9634 5.773502691280824E-1
9816 9815 5.773502692720774E-1
9816 9816 -3.4641016151377553
9816 9817 5.773502691530292E-1
9816 9964 5.77350269120382E-1
9816 9965 5.773502692008126E-1
9816 9966 5.77350269263371E-1
9817 9634 5.538617770138523E-1
9817 9635 6.006634948293061E-1
9817 9816 5.773502691530292E-1
9817 9817 -3.4659111893432843
9817 9818 6.076519100023632E-1
9817 9966 5.773502691640618E-1
9817 9967 5.49033469180671E-1
9818 9635 5.056001126871661E-1
9818 9636 5.349746159224279E-1
9818 9637 6.700339131471766E-1
9818 9817 6.076519100023632E-1
9818 9818 -3.4734140567075382
9818 9819 5.346088885111826E-1
9818 9967 6.205446164372221E-1
9819 9637 5.865833921836097E-1
9819 9638 6.10128619728044E-1
9819 9818 5.346088885111826E-1
9819 9819 -3.468432161067902
9819 9820 5.806653761090126E-1
9819 9967 5.701701887654748E-1
9819 9968 5.862756957705786E-1
9820 9638 5.532609450609773E-1
9820 9639 5.938218627158831E-1
9820 9819 5.806653761090126E-1
9820 9820 -3.4651472399206154
9820 9821 5.837735847573383E-1
9820 9968 5.751490556943507E-1
9820 9969 5.784764155830532E-1
9821 9639 5.592836198966213E-1
9821 9820 5.837735847573383E-1
9821 9821 -3.4834350887419427
9821 9822 4.8957748839932663E-1
9821 9969 5.790328336695546E-1
9821 9970 5.779030097588673E-1
9821 9971 6.938645522602345E-1
9822 9639 7.823037803851391E-1
9822 9640 1.8111229004195523E-1
9822 9821 4.8957748839932663E-1
9822 9822 -3.50338360390031
9822 9823 5.226648674762889E-1
9822 9824 6.662819497243473E-1
9822 9971 4.500610578632784E-1
9822 9972 4.1138217000997446E-1
9823 9640 9.013775719425685E-1
9823 9641 8.565680334363188E-1
9823 9642 4.5985839159589126E-1
9823 9822 5.226648674762889E-1
9823 9823 -3.789877293174179
9823 9824 1.049408428723111
9824 9642 4.2179651014963615E-1
9824 9822 6.662819497243473E-1
9824 9823 1.049408428723111
9824 9824 -3.818891956946126
9824 9825 1.0786540890292944
9824 9972 6.027509793197376E-1
9825 9642 3.5327851534393406E-1
9825 9824 1.0786540890292944
9825 9825 -3.861136113452403
9825 9826 1.014564757057013
9825 9972 4.4850244499534525E-1
9825 9973 9.661363070268161E-1
9826 9642 1.9529262736304923E-1
9826 9825 1.014564757057013
9826 9826 -1.8226643996375156
9826 9973 3.2413188088406847E-1
9826 9974 2.886751343333846E-1
9949 9800 3.223422908735396E-1
9949 9949 -1.779212414362716
9949 9950 3.17555843442297E-1
9949 10168 2.0697373030621755E-1
9949 10169 9.323405497406619E-1
9950 9800 5.139672051278602E-1
9950 9801 6.444538703797273E-1
9950 9949 3.17555843442297E-1
9950 9950 -3.4403459340256437
9950 9951 3.8299177368595455E-1
9950 10169 6.788119022819286E-1
9950 10170 4.633270379203019E-1
9950 10171 4.3923830118757373E-1
9951 9801 7.934245826539204E-1
9951 9802 5.528238045665994E-1
9951 9803 5.479031830427674E-1
9951 9950 3.8299177368595455E-1
9951 9951 -3.5311331921368354
9951 9952 5.208223463268498E-1
9951 10171 7.331675018607438E-1
9952 9803 6.869550241836556E-1
9952 9951 5.208223463268498E-1
9952 9952 -3.4760945250222974
9952 9953 5.433675778167744E-1
9952 10171 5.421861715964474E-1
9952 10172 6.511334143949261E-1
9952 10173 5.316299907036441E-1
9953 9803 5.137832443069408E-1
9953 9804 6.564875322848206E-1
9953 9952 5.433675778167744E-1
9953 9953 -3.473871959781027
9953 9954 5.692612384883595E-1
9953 10173 6.13622304877017E-1
9953 10174 5.77350062007115E-1
9954 9804 6.148030573453793E-1
9954 9805 5.702443293350665E-1
9954 9953 5.692612384883595E-1
9954 9954 -3.4653702752765985
9954 9955 5.529161163189362E-1
9954 10174 5.77349429109471E-1
9954 10175 5.807961046793861E-1
9955 9805 6.224665174417269E-1
9955 9806 5.415583138848203E-1
9955 9954 5.529161163189362E-1
9955 9955 -3.4663865907895994
9955 9956 5.866281990558271E-1
9955 10175 5.765114896569923E-1
9955 10176 5.863059544312963E-1
9956 9806 5.771941228307588E-1
9956 9807 5.749866610900725E-1
9956 9955 5.866281990558271E-1
9956 9956 -3.464183710784034
9956 9957 5.774958906643501E-1
9956 10176 5.709419890835774E-1
9956 10177 5.769368480594483E-1
9957 9807 5.755107593805759E-1
9957 9808 5.807274141747608E-1
9957 9956 5.774958906643501E-1
9957 9957 -3.4641241141301875
9957 9958 5.779999518363053E-1
9957 10177 5.775939453715514E-1
9957 10178 5.74796152702644E-1
9958 9808 5.56205431399784E-1
9958 9809 6.135297196688103E-1
9958 9810 5.505051419893108E-1
9958 9957 5.779999518363053E-1
9958 9958 -3.4655966840300207
9958 9959 5.826359007278146E-1
9958 10178 5.847205384079961E-1
9959 9810 5.742743398040226E-1
9959 9811 5.773088783477154E-1
9959 9958 5.826359007278146E-1
9959 9959 -3.46413839627835
9959 9960 5.783599545869049E-1
9959 10178 5.730501178947165E-1
9959 10179 5.785092049171761E-1
9960 9811 5.770593578716744E-1
9960 9959 5.783599545869049E-1
9960 9960 -3.4641026545591185
9960 9961 5.773501275849596E-1
9960 10179 5.766323773864679E-1
9960 10180 5.773510005789091E-1
9960 10181 5.773498365502023E-1
9961 9811 5.773500941242206E-1
9961 9812 5.773503890398983E-1
9961 9960 5.773501275849596E-1
9961 9961 -3.464101615137815
9961 9962 5.773502652403302E-1
9961 10181 5.773504583446267E-1
9961 10182 5.773502808037793E-1
9962 9812 5.773502689158736E-1
9962 9813 5.773502691313761E-1
9962 9814 5.773502693345366E-1
9962 9961 5.773502652403302E-1
9962 9962 -3.4641016151377544
9962 9963 5.773502695929E-1
9962 10182 5.77350272922738E-1
9963 9814 5.773502690214904E-1
9963 9962 5.773502695929E-1
9963 9963 -3.4641016151377544
9963 9964 5.773502692781789E-1
9963 10182 5.773502634934532E-1
9963 10183 5.773502744936658E-1
9963 10184 5.773502692580661E-1
9964 9814 5.773502692416457E-1
9964 9815 5.773502692067938E-1
9964 9816 5.77350269120382E-1
9964 9963 5.773502692781789E-1
9964 9964 -3.4641016151377544
9964 9965 5.773502692313709E-1
9964 10184 5.773502690593835E-1
9965 9816 5.773502692008126E-1
9965 9964 5.773502692313709E-1
9965 9965 -3.464101615137754
9965 9966 5.773502689896401E-1
9965 10184 5.773502692391761E-1
9965 10185 5.773502689710093E-1
9965 10186 5.773502695057453E-1
9966 9816 5.77350269263371E-1
9966 9817 5.773502691640618E-1
9966 9965 5.773502689896401E-1
9966 9966 -3.4641016151377544
9966 9967 5.77350268874446E-1
9966 10186 5.773502689637815E-1
9966 10187 5.773502698824539E-1
9967 9817 5.49033469180671E-1
9967 9818 6.205446164372221E-1
9967 9819 5.701701887654748E-1
9967 9966 5.77350268874446E-1
9967 9967 -3.4657537649483485
9967 9968 5.714907201116507E-1
9967 10187 5.77164501578884E-1
9968 9819 5.862756957705786E-1
9968 9820 5.751490556943507E-1
9968 9967 5.714907201116507E-1
9968 9968 -3.464173636587736
9968 9969 5.757649504876181E-1
9968 10187 5.779592154375534E-1
9968 10188 5.775339990859842E-1
9969 9820 5.784764155830532E-1
9969 9821 5.790328336695546E-1
9969 9968 5.757649504876181E-1
9969 9969 -3.464106511097687
9969 9970 5.756358026025394E-1
9969 10188 5.777473185003904E-1
9969 10189 5.774491902545317E-1
9970 9821 5.779030097588673E-1
9970 9969 5.756358026025394E-1
9970 9970 -3.464109251541158
9970 9971 5.801631147169954E-1
9970 10189 5.783862151443792E-1
9970 10190 5.766445064148675E-1
9970 10191 5.753766029035089E-1
9971 9821 6.938645522602345E-1
9971 9822 4.500610578632784E-1
9971 9970 5.801631147169954E-1
9971 9971 -3.4980220829531734
9971 9972 5.260496832599252E-1
9971 10191 5.718306468135868E-1
9971 10192 6.76053028039153E-1
9972 9822 4.1138217000997446E-1
9972 9824 6.027509793197376E-1
9972 9825 4.4850244499534525E-1
9972 9971 5.260496832599252E-1
9972 9972 -3.423115324659234
9972 9973 4.172551469124071E-1
9972 10192 4.751229944856924E-1
9972 10193 5.420519056761516E-1
9973 9825 9.661363070268161E-1
9973 9826 3.2413188088406847E-1
9973 9972 4.172551469124071E-1
9973 9973 -3.6169552746362332
9973 9974 4.823666385420444E-1
9973 10193 7.412858305851664E-1
9973 10194 6.857794706857303E-1
9974 9826 2.886751343333846E-1
9974 9973 4.823666385420444E-1
9974 9974 -1.7045310583360447
9974 10194 7.044209164051615E-1
9974 10195 2.290683690554543E-1
10168 9949 2.0697373030621755E-1
10168 10168 -1.6462418908023775
10168 10169 5.603240324174706E-1
10168 10354 2.0145662381555973E-1
10168 10355 4.7159451613837866E-1
10168 10356 2.058929881247511E-1
10169 9949 9.323405497406619E-1
10169 9950 6.788119022819286E-1
10169 10168 5.603240324174706E-1
10169 10169 -3.6968764066266107
10169 10170 6.702971631986578E-1
10169 10356 8.551027589878919E-1
10170 9950 4.633270379203019E-1
10170 10169 6.702971631986578E-1
10170 10170 -3.500545300694091
10170 10171 6.959127345545524E-1
10170 10356 5.924144809129572E-1
10170 10357 5.7379410332645E-1
10170 10358 5.047997807811717E-1
10171 9950 4.3923830118757373E-1
10171 9951 7.331675018607438E-1
10171 9952 5.421861715964474E-1
10171 10170 6.959127345545524E-1
10171 10171 -3.4974314142398546
10171 10172 4.731637316363043E-1
10171 10358 6.137629734042325E-1
10172 9952 6.511334143949261E-1
10172 10171 4.731637316363043E-1
10172 10172 -3.472814691327118
10172 10173 5.829960749303069E-1
10172 10358 6.179477000651018E-1
10172 10359 5.786878959355917E-1
10172 10360 5.688858743648866E-1
10173 9952 5.316299907036441E-1
10173 9953 6.13622304877017E-1
10173 10172 5.829960749303069E-1
10173 10173 -3.4664164895036547
10173 10174 5.773502679128576E-1
10173 10360 5.834675788227439E-1
10173 10361 5.773502722570851E-1
10174 9953 5.77350062007115E-1
10174 9954 5.77349429109471E-1
10174 10173 5.773502679128576E-1
10174 10174 -3.4641016151531985
10174 10175 5.773484119937106E-1
10174 10361 5.773484925276366E-1
10174 10362 5.773549516024077E-1
10175 9954 5.807961046793861E-1
10175 9955 5.765114896569923E-1
10175 10174 5.773484119937106E-1
10175 10175 -3.4641343084506917
10175 10176 5.747486676870719E-1
10175 10362 5.773441201166231E-1
10175 10363 5.773855143169084E-1
10176 9955 5.863059544312963E-1
10176 9956 5.709419890835774E-1
10176 10175 5.747486676870719E-1
10176 10176 -3.4641820571898845
10176 10177 5.776174868755983E-1
10176 10363 5.772846936414102E-1
10176 10364 5.772832654709306E-1
10177 9956 5.769368480594483E-1
10177 9957 5.775939453715514E-1
10177 10176 5.776174868755983E-1
10177 10177 -3.464101780773503
10177 10178 5.773264573171519E-1
10177 10364 5.773332488589169E-1
10177 10365 5.772937942908359E-1
10178 9957 5.74796152702644E-1
10178 9958 5.847205384079961E-1
10178 9959 5.730501178947165E-1
10178 10177 5.773264573171519E-1
10178 10178 -3.4641460349131767
10178 10179 5.768847461385624E-1
10178 10365 5.773680224521061E-1
10179 9959 5.785092049171761E-1
10179 9960 5.766323773864679E-1
10179 10178 5.768847461385624E-1
10179 10179 -3.464102857289666
10179 10180 5.77349718946004E-1
10179 10365 5.773659997622334E-1
10179 10366 5.773608101392225E-1
10180 9960 5.773510005789091E-1
10180 10179 5.77349718946004E-1
10180 10180 -3.4641016151435
10180 10181 5.773502567728903E-1
10180 10366 5.773491702274943E-1
10180 10367 5.773523345739315E-1
10180 10368 5.773491340442708E-1
10181 9960 5.773498365502023E-1
10181 9961 5.773504583446267E-1
10181 10180 5.773502567728903E-1
10181 10181 -3.464101615138044
10181 10182 5.773502434186013E-1
10181 10368 5.773506063862311E-1
10181 10369 5.773502136654922E-1
10182 9961 5.773502808037793E-1
10182 9962 5.77350272922738E-1
10182 9963 5.773502634934532E-1
10182 10181 5.773502434186013E-1
10182 10182 -3.4641016151377553
10182 10183 5.773502615032764E-1
10182 10369 5.773502929959076E-1
10183 9963 5.773502744936658E-1
10183 10182 5.773502615032764E-1
10183 10183 -3.4641016151377544
10183 10184 5.773502684916627E-1
10183 10369 5.773502746521753E-1
10183 10370 5.773502683332592E-1
10183 10371 5.773502676637154E-1
10184 9963 5.773502692580661E-1
10184 9964 5.773502690593835E-1
10184 9965 5.773502692391761E-1
10184 10183 5.773502684916627E-1
10184 10184 -3.4641016151377544
10184 10185 5.773502692125987E-1
10184 10371 5.773502698768677E-1
10185 9965 5.773502689710093E-1
10185 10184 5.773502692125987E-1
10185 10185 -3.4641016151377544
10185 10186 5.773502693197743E-1
10185 10371 5.773502692374564E-1
10185 10372 5.773502691778734E-1
10185 10373 5.773502692190423E-1
10186 9965 5.773502695057453E-1
10186 9966 5.773502689637815E-1
10186 10185 5.773502693197743E-1
10186 10186 -3.4641016151377544
10186 10187 5.773502688095288E-1
10186 10373 5.773502687405814E-1
10186 10374 5.773502697983433E-1
10187 9966 5.773502698824539E-1
10187 9967 5.77164501578884E-1
10187 9968 5.779592154375534E-1
10187 10186 5.773502688095288E-1
10187 10187 -3.464101907075703
10187 10188 5.769784484453305E-1
10187 10374 5.772992029219526E-1
10188 9968 5.775339990859842E-1
10188 9969 5.777473185003904E-1
10188 10187 5.769784484453305E-1
10188 10188 -3.4641018988138588
10188 10189 5.769329030224368E-1
10188 10374 5.775157294302079E-1
10188 10375 5.773935003295085E-1
10189 9969 5.774491902545317E-1
10189 9970 5.783862151443792E-1
10189 10188 5.769329030224368E-1
10189 10189 -3.464102495426084
10189 10190 5.765597188501712E-1
10189 10375 5.774825644364258E-1
10189 10376 5.772919037181401E-1
10190 9970 5.766445064148675E-1
10190 10189 5.765597188501712E-1
10190 10190 -3.4641078393260694
10190 10191 5.795522660840184E-1
10190 10376 5.781500178073367E-1
10190 10377 5.78040964503199E-1
10190 10378 5.751603656664763E-1
10191 9970 5.753766029035089E-1
10191 9971 5.718306468135868E-1
10191 10190 5.795522660840184E-1
10191 10191 -3.4643790511949764
10191 10192 5.927200472851755E-1
10191 10378 5.803829039660287E-1
10191 10379 5.645165841426585E-1
10192 9971 6.76053028039153E-1
10192 9972 4.751229944856924E-1
10192 10191 5.927200472851755E-1
10192 10192 -3.4829877518398025
10192 10193 6.00408158284643E-1
10192 10379 5.927786176603771E-1
10192 10380 5.459049060847612E-1
10193 9972 5.420519056761516E-1
10193 9973 7.412858305851664E-1
10193 10192 6.00408158284643E-1
10193 10193 -3.4974720092596394
10193 10194 4.4000150644330815E-1
10193 10380 6.424438954914586E-1
10193 10381 5.312807127789116E-1
10194 9973 6.857794706857303E-1
10194 9974 7.044209164051615E-1
10194 10193 4.4000150644330815E-1
10194 10194 -3.4994141069538127
10194 10195 5.483994501690865E-1
10194 10381 6.783922215038947E-1
10194 10382 4.4242054174663176E-1
10195 9974 2.290683690554543E-1
10195 10194 5.483994501690865E-1
10195 10195 -1.7043538908502045
10195 10382 7.194654697260532E-1
10195 10383 2.0742060189961053E-1
10354 10168 2.0145662381555973E-1
10354 10354 -1.8287362842344819
10354 10355 1.0245561256275852
10354 10543 2.8867513417634577E-1
10354 10544 3.140484006149909E-1
10355 10168 4.7159451613837866E-1
10355 10354 1.0245561256275852
10355 10355 -3.8172329856593863
10355 10356 9.99204950096212E-1
10355 10544 9.060558679902044E-1
10355 10545 4.158215258070058E-1
10356 10168 2.058929881247511E-1
10356 10169 8.551027589878919E-1
10356 10170 5.924144809129572E-1
10356 10355 9.99204950096212E-1
10356 10356 -3.654681158642309
10356 10357 5.133904662019977E-1
10356 10545 4.8867551431849854E-1
10357 10170 5.7379410332645E-1
10357 10356 5.133904662019977E-1
10357 10357 -3.4766934874311346
10357 10358 6.016941080453753E-1
10357 10545 6.792473719605435E-1
10357 10546 4.9917437017991734E-1
10357 10547 6.093930677168506E-1
10358 10170 5.047997807811717E-1
10358 10171 6.137629734042325E-1
10358 10172 6.179477000651018E-1
10358 10357 6.016941080453753E-1
10358 10358 -3.4691090446090054
10358 10359 5.734536280031017E-1
10358 10547 5.574508543100225E-1
10359 10172 5.786878959355917E-1
10359 10358 5.734536280031017E-1
10359 10359 -3.464135862994135
10359 10360 5.797719498891001E-1
10359 10547 5.77568935795804E-1
10359 10548 5.775032588440759E-1
10359 10549 5.771501945264617E-1
10360 10172 5.688858743648866E-1
10360 10173 5.834675788227439E-1
10360 10359 5.797719498891001E-1
10360 10360 -3.464176212557161
10360 10361 5.773502694750605E-1
10360 10549 5.773502700104491E-1
10360 10550 5.773502699949211E-1
10361 10173 5.773502722570851E-1
10361 10174 5.773484925276366E-1
10361 10360 5.773502694750605E-1
10361 10361 -3.464101615144383
10361 10362 5.773512175972562E-1
10361 10550 5.773502642467483E-1
10361 10551 5.773510990405961E-1
10362 10174 5.773549516024077E-1
10362 10175 5.773441201166231E-1
10362 10361 5.773512175972562E-1
10362 10362 -3.464101615252195
10362 10363 5.773522541722181E-1
10362 10551 5.773451567066736E-1
10362 10552 5.77353915057016E-1
10363 10175 5.773855143169084E-1
10363 10176 5.772846936414102E-1
10363 10362 5.773522541722181E-1
10363 10363 -3.4641016203424613
10363 10364 5.774038731990065E-1
10363 10552 5.773379363926892E-1
10363 10553 5.77337348620229E-1
10364 10176 5.772832654709306E-1
10364 10177 5.773332488589169E-1
10364 10363 5.774038731990065E-1
10364 10364 -3.4641016203351533
10364 10365 5.773948044436815E-1
10364 10553 5.773448328402672E-1
10364 10554 5.773415955223504E-1
10365 10177 5.772937942908359E-1
10365 10178 5.773680224521061E-1
10365 10179 5.773659997622334E-1
10365 10364 5.773948044436815E-1
10365 10365 -3.464101618257352
10365 10366 5.773339563682179E-1
10365 10554 5.77345040940277E-1
10366 10179 5.773608101392225E-1
10366 10180 5.773491702274943E-1
10366 10365 5.773339563682179E-1
10366 10366 -3.464101615394078
10366 10367 5.773469337498994E-1
10366 10554 5.773605773369768E-1
10366 10555 5.773501675722669E-1
10367 10180 5.773523345739315E-1
10367 10366 5.773469337498994E-1
10367 10367 -3.4641016151484503
10367 10368 5.773504992484719E-1
10367 10555 5.773525792614229E-1
10367 10556 5.773502545580156E-1
10367 10557 5.773490137567092E-1
10368 10180 5.773491340442708E-1
10368 10181 5.773506063862311E-1
10368 10367 5.773504992484719E-1
10368 10368 -3.46410161513868
10368 10369 5.773502973569788E-1
10368 10557 5.773508242419352E-1
10368 10558 5.773502538607922E-1
10369 10181 5.773502136654922E-1
10369 10182 5.773502929959076E-1
10369 10183 5.773502746521753E-1
10369 10368 5.773502973569788E-1
10369 10369 -3.464101615137757
10369 10370 5.77350268786388E-1
10369 10558 5.773502676808153E-1
10370 10183 5.773502683332592E-1
10370 10369 5.77350268786388E-1
10370 10370 -3.4641016151377544
10370 10371 5.773502700028035E-1
10370 10558 5.773502701949113E-1
10370 10559 5.773502686219532E-1
10370 10560 5.773502691984393E-1
10371 10183 5.773502676637154E-1
10371 10184 5.773502698768677E-1
10371 10185 5.773502692374564E-1
10371 10370 5.773502700028035E-1
10371 10371 -3.4641016151377544
10371 10372 5.773502691874423E-1
10371 10560 5.773502691694692E-1
10372 10185 5.773502691778734E-1
10372 10371 5.773502691874423E-1
10372 10372 -3.464101615137755
10372 10373 5.7735026919679E-1
10372 10560 5.773502691241198E-1
10372 10561 5.773502693228153E-1
10372 10562 5.77350269128714E-1
10373 10185 5.773502692190423E-1
10373 10186 5.773502687405814E-1
10373 10372 5.7735026919679E-1
10373 10373 -3.4641016151377544
10373 10374 5.773502699523141E-1
10373 10562 5.773502691223391E-1
10373 10563 5.773502689066878E-1
10374 10186 5.773502697983433E-1
10374 10187 5.772992029219526E-1
10374 10188 5.775157294302079E-1
10374 10373 5.773502699523141E-1
10374 10374 -3.4641016371666375
10374 10375 5.772481188546228E-1
10374 10563 5.77338046209197E-1
10375 10188 5.773935003295085E-1
10375 10189 5.774825644364258E-1
10375 10374 5.772481188546228E-1
10375 10375 -3.4641016482971496
10375 10376 5.77203587345316E-1
10375 10563 5.77386939486285E-1
10375 10564 5.773869378449916E-1
10376 10189 5.772919037181401E-1
10376 10190 5.781500178073367E-1
10376 10375 5.77203587345316E-1
10376 10376 -3.4641022459594977
10376 10377 5.767684201554071E-1
10376 10564 5.773380479112749E-1
10376 10565 5.77350269022023E-1
10377 10190 5.78040964503199E-1
10377 10376 5.767684201554071E-1
10377 10377 -3.4641022688439724
10377 10378 5.776068835497226E-1
10377 10565 5.773502697617205E-1
10377 10566 5.773502688719202E-1
10377 10567 5.76985462002003E-1
10378 10190 5.751603656664763E-1
10378 10191 5.803829039660287E-1
10378 10377 5.776068835497226E-1
10378 10378 -3.4641105189548664
10378 10379 5.75712587879142E-1
10378 10567 5.778976232113449E-1
10378 10568 5.773501546821516E-1
10379 10191 5.645165841426585E-1
10379 10192 5.927786176603771E-1
10379 10378 5.75712587879142E-1
10379 10379 -3.464492968404297
10379 10380 5.879132256285159E-1
10379 10568 5.775327585150603E-1
10379 10569 5.660391945785433E-1
10380 10192 5.459049060847612E-1
10380 10193 6.424438954914586E-1
10380 10379 5.879132256285159E-1
10380 10380 -3.4699260157061294
10380 10381 6.109955984423772E-1
10380 10569 5.656482022185991E-1
10380 10570 5.170201878404177E-1
10381 10193 5.312807127789116E-1
10381 10194 6.783922215038947E-1
10381 10380 6.109955984423772E-1
10381 10381 -3.4840581961772124
10381 10382 6.218283879346078E-1
10381 10570 5.248036233336222E-1
10381 10571 5.167576521837985E-1
10382 10194 4.4242054174663176E-1
10382 10195 7.194654697260532E-1
10382 10381 6.218283879346078E-1
10382 10382 -3.515296155786589
10382 10383 6.030169353874637E-1
10382 10571 7.238871748377299E-1
10382 10572 4.04677646154103E-1
10383 10195 2.0742060189961053E-1
10383 10382 6.030169353874637E-1
10383 10383 -1.698868921888824
10383 10572 6.564710566388012E-1
10383 10573 2.319603279629484E-1
10543 10354 2.8867513417634577E-1
10543 10543 -1.7874497862669974
10543 10544 3.56805083196245E-1
10543 10736 2.0223886210615802E-1
10543 10737 9.397307067882487E-1
10544 10354 3.140484006149909E-1
10544 10355 9.060558679902044E-1
10544 10543 3.56805083196245E-1
10544 10544 -3.677125485646905
10544 10545 7.276917150948826E-1
10544 10737 9.290050164357226E-1
10544 10738 4.435194023148594E-1
10545 10355 4.158215258070058E-1
10545 10356 4.8867551431849854E-1
10545 10357 6.792473719605435E-1
10545 10544 7.276917150948826E-1
10545 10545 -3.5124531493245503
10545 10546 6.695155632476075E-1
10545 10738 5.315014588960125E-1
10546 10357 4.9917437017991734E-1
10546 10545 6.695155632476075E-1
10546 10546 -3.482856198135403
10546 10547 5.656814338936567E-1
10546 10738 5.220696003697411E-1
10546 10739 6.554199140248091E-1
10546 10740 5.70995316419671E-1
10547 10357 6.093930677168506E-1
10547 10358 5.574508543100225E-1
10547 10359 5.77568935795804E-1
10547 10546 5.656814338936567E-1
10547 10547 -3.46503464679478
10547 10548 5.763116626960905E-1
10547 10740 5.78628692382356E-1
10548 10359 5.775032588440759E-1
10548 10547 5.763116626960905E-1
10548 10548 -3.4641038235267847
10548 10549 5.776835116105904E-1
10548 10740 5.787897137048461E-1
10548 10741 5.763993126786126E-1
10548 10742 5.774163639925693E-1
10549 10359 5.771501945264617E-1
10549 10360 5.773502700104491E-1
10549 10548 5.776835116105904E-1
10549 10549 -3.4641017151674043
10549 10550 5.773502692146641E-1
10549 10742 5.772172006365568E-1
10549 10743 5.773502691686827E-1
10550 10360 5.773502699949211E-1
10550 10361 5.773502642467483E-1
10550 10549 5.773502692146641E-1
10550 10550 -3.464101615137755
10550 10551 5.773502704064079E-1
10550 10743 5.773502690447898E-1
10550 10744 5.773502722302235E-1
10551 10361 5.773510990405961E-1
10551 10362 5.773451567066736E-1
10551 10550 5.773502704064079E-1
10551 10551 -3.4641016151551174
10551 10552 5.773532392100091E-1
10551 10744 5.773499193294966E-1
10551 10745 5.773519304619338E-1
10552 10362 5.77353915057016E-1
10552 10363 5.773379363926892E-1
10552 10551 5.773532392100091E-1
10552 10552 -3.4641016153200863
10552 10553 5.773615709323505E-1
10552 10745 5.773472562333474E-1
10552 10746 5.773476974946739E-1
10553 10363 5.77337348620229E-1
10553 10364 5.773448328402672E-1
10553 10552 5.773615709323505E-1
