%%MatrixMarket matrix coordinate real general
%
24863 24863 5739
2338 2338 -1.69460296724017
2338 2339 2.588399353758666E-1
2338 2425 2.847933206606479E-1
2338 2467 5.021948533289926E-1
2338 2468 6.487748578746628E-1
2339 2338 2.588399353758666E-1
2339 2339 -1.6903022802624441
2339 2340 2.403129515326456E-1
2339 2468 5.969258387718408E-1
2339 2469 5.94223554582091E-1
2340 2339 2.403129515326456E-1
2340 2340 -1.6945294486310019
2340 2341 2.2260644813399905E-1
2340 2469 6.061728550765364E-1
2340 2470 6.254371938878209E-1
2341 2340 2.2260644813399905E-1
2341 2341 -1.6942406427890413
2341 2342 2.4467139903357887E-1
2341 2470 6.458671233835349E-1
2341 2471 5.810956722379286E-1
2342 2341 2.4467139903357887E-1
2342 2342 -1.6908883888593595
2342 2343 2.6346623534020114E-1
2342 2471 6.348709037310198E-1
2342 2472 5.478798507545597E-1
2343 2342 2.6346623534020114E-1
2343 2343 -1.6899216075279282
2343 2344 2.886751340034162E-1
2343 2472 6.1047186714143E-1
2343 2473 5.273083710428809E-1
2344 2343 2.886751340034162E-1
2344 2344 -1.7781886057978578
2344 2345 1.973619967208857E-1
2344 2473 3.711131979856768E-1
2344 2474 9.210382770878789E-1
2345 2344 1.973619967208857E-1
2345 2345 -1.6177599034111663
2345 2474 4.1281064708154425E-1
2345 2475 4.0951445526328445E-1
2345 2476 4.0212420259339654E-1
2345 2477 1.959486017520552E-1
2425 2338 2.847933206606479E-1
2425 2425 -1.7937210145661093
2425 2426 3.5411934864002514E-2
2425 2467 5.601693937051895E-1
2425 2518 9.133463653362697E-1
2426 2425 3.5411934864002514E-2
2426 2426 -1.796724990565372
2426 2427 2.0703219771930453E-1
2426 2518 8.987305231817593E-1
2426 2571 6.555503348003058E-1
2427 2426 2.0703219771930453E-1
2427 2427 -1.7088537382995692
2427 2571 6.845459686192696E-1
2427 2572 4.9752243972042115E-1
2427 2573 3.197531322405739E-1
2467 2338 5.021948533289926E-1
2467 2425 5.601693937051895E-1
2467 2467 -3.417689123668184
2467 2468 3.7161017558895604E-1
2467 2518 5.689550884094217E-1
2467 2519 3.5873760864540205E-1
2467 2520 4.7879153950458E-1
2467 2521 5.772304644856416E-1
2468 2338 6.487748578746628E-1
2468 2339 5.969258387718408E-1
2468 2467 3.7161017558895604E-1
2468 2468 -3.578988443398535
2468 2469 6.408793274297063E-1
2468 2521 9.665771838523083E-1
2468 2522 3.5422105988106106E-1
2469 2339 5.94223554582091E-1
2469 2340 6.061728550765364E-1
2469 2468 6.408793274297063E-1
2469 2469 -3.5619207855436033
2469 2470 4.08966250681508E-1
2469 2522 4.250886576861038E-1
2469 2523 8.865901400876575E-1
2470 2340 6.254371938878209E-1
2470 2341 6.458671233835349E-1
2470 2469 4.08966250681508E-1
2470 2470 -3.5029348608873536
2470 2471 4.9482900747865716E-1
2470 2523 7.05794959525146E-1
2470 2524 6.220403259306866E-1
2471 2341 5.810956722379286E-1
2471 2342 6.348709037310198E-1
2471 2470 4.9482900747865716E-1
2471 2471 -3.475500490571877
2471 2472 5.909395052864204E-1
2471 2524 6.577985470252246E-1
2471 2525 5.15966854812627E-1
2472 2342 5.478798507545597E-1
2472 2343 6.1047186714143E-1
2472 2471 5.909395052864204E-1
2472 2472 -3.5012782574633112
2472 2473 7.085521844913638E-1
2472 2525 6.870826240766301E-1
2472 2526 3.5635222571290703E-1
2473 2343 5.273083710428809E-1
2473 2344 3.711131979856768E-1
2473 2472 7.085521844913638E-1
2473 2473 -3.6270254140275346
2473 2474 9.584102032199633E-1
2473 2526 7.698731682131619E-1
2473 2527 2.917682890744876E-1
2474 2344 9.210382770878789E-1
2474 2345 4.1281064708154425E-1
2474 2473 9.584102032199633E-1
2474 2474 -3.8195905070587104
2474 2475 1.0571006245962622
2474 2527 4.7023075507306167E-1
2475 2345 4.0951445526328445E-1
2475 2474 1.0571006245962622
2475 2475 -3.807027572411096
2475 2476 1.0436254326879002
2475 2527 6.303312895240405E-1
2475 2528 6.664557703396088E-1
2476 2345 4.0212420259339654E-1
2476 2475 1.0436254326879002
2476 2476 -3.824492592617461
2476 2477 9.464155752663289E-1
2476 2528 4.681900538867652E-1
2476 2529 9.6413732818307E-1
2477 2345 1.959486017520552E-1
2477 2476 9.464155752663289E-1
2477 2477 -1.7895969098029796
2477 2478 2.886751331450509E-1
2477 2529 3.585575996395444E-1
2478 2477 2.886751331450509E-1
2478 2478 -1.689299486769293
2478 2479 2.6608793932589797E-1
2478 2529 5.311434210130439E-1
2478 2530 6.033929932853004E-1
2479 2478 2.6608793932589797E-1
2479 2479 -1.690136539442085
2479 2530 5.520363648960542E-1
2479 2531 6.262279599357073E-1
2479 2532 2.4578427528442526E-1
2518 2425 9.133463653362697E-1
2518 2426 8.987305231817593E-1
2518 2467 5.689550884094217E-1
2518 2518 -3.7218081476809073
2518 2519 8.598606331081127E-1
2518 2571 4.80915537645344E-1
2519 2467 3.5873760864540205E-1
2519 2518 8.598606331081127E-1
2519 2519 -3.5428951417210515
2519 2520 6.238147414839319E-1
2519 2571 5.484289552560595E-1
2519 2612 6.668708565426288E-1
2519 2665 4.851823466849169E-1
2520 2467 4.7879153950458E-1
2520 2519 6.238147414839319E-1
2520 2520 -3.509195348390699
2520 2521 7.727056806771782E-1
2520 2612 5.737360793930426E-1
2520 2613 6.19472974556871E-1
2520 2614 4.406743327750954E-1
2521 2467 5.772304644856416E-1
2521 2468 9.665771838523083E-1
2521 2520 7.727056806771782E-1
2521 2521 -3.6982047943085234
2521 2522 5.420386486468223E-1
2521 2614 8.396528166465734E-1
2522 2468 3.5422105988106106E-1
2522 2469 4.250886576861038E-1
2522 2521 5.420386486468223E-1
2522 2522 -3.4858078953881533
2522 2523 8.467690836166908E-1
2522 2614 4.600268244440998E-1
2522 2615 5.532224927101344E-1
2522 2616 3.044411284032409E-1
2523 2469 8.865901400876575E-1
2523 2470 7.05794959525146E-1
2523 2522 8.467690836166908E-1
2523 2523 -3.7031265437546637
2523 2524 4.334817112316327E-1
2523 2616 8.304906492935368E-1
2524 2470 6.220403259306866E-1
2524 2471 6.577985470252246E-1
2524 2523 4.334817112316327E-1
2524 2524 -3.4961575060761727
2524 2525 4.8529309810354754E-1
2524 2616 6.980423520592889E-1
2524 2617 5.995014717257924E-1
2525 2471 5.15966854812627E-1
2525 2472 6.870826240766301E-1
2525 2524 4.8529309810354754E-1
2525 2525 -3.483534798032932
2525 2526 5.890194419845921E-1
2525 2617 6.851437420403996E-1
2525 2618 5.210290370151354E-1
2526 2472 3.5635222571290703E-1
2526 2473 7.698731682131619E-1
2526 2525 5.890194419845921E-1
2526 2526 -3.5127254846116847
2526 2527 6.135953108171939E-1
2526 2618 6.739345023989585E-1
2526 2619 5.099508354848712E-1
2527 2473 2.917682890744876E-1
2527 2474 4.7023075507306167E-1
2527 2475 6.303312895240405E-1
2527 2526 6.135953108171939E-1
2527 2527 -3.440704353440694
2527 2528 4.157138823592057E-1
2527 2619 5.319274472957207E-1
2527 2620 4.8713737929698325E-1
2528 2475 6.664557703396088E-1
2528 2476 4.681900538867652E-1
2528 2527 4.157138823592057E-1
2528 2528 -3.4430702664582338
2528 2529 3.167084697157582E-1
2528 2620 4.779277398237439E-1
2528 2621 4.968744728743776E-1
2528 2622 6.011998774587743E-1
2529 2476 9.6413732818307E-1
2529 2477 3.585575996395444E-1
2529 2478 5.311434210130439E-1
2529 2528 3.167084697157582E-1
2529 2529 -3.6231432435467767
2529 2530 7.009993508342612E-1
2529 2622 7.515970741610989E-1
2530 2478 6.033929932853004E-1
2530 2479 5.520363648960542E-1
2530 2529 7.009993508342612E-1
2530 2530 -3.4957705227178666
2530 2531 5.878398979825146E-1
2530 2622 3.730979465612031E-1
2530 2623 6.784039691585332E-1
2531 2479 6.262279599357073E-1
2531 2530 5.878398979825146E-1
2531 2531 -3.472853313340965
2531 2532 5.847318563164636E-1
2531 2623 5.203720595198671E-1
2531 2624 6.41814574437853E-1
2531 2625 5.118669651485593E-1
2532 2479 2.4578427528442526E-1
2532 2531 5.847318563164636E-1
2532 2532 -1.6938708105996814
2532 2625 6.397152754202675E-1
2532 2626 2.236394035785249E-1
2571 2426 6.555503348003058E-1
2571 2427 6.845459686192696E-1
2571 2518 4.80915537645344E-1
2571 2519 5.484289552560595E-1
2571 2571 -3.530011221129956
2571 2572 4.069133760527269E-1
2571 2665 7.536570487562502E-1
2572 2427 4.9752243972042115E-1
2572 2571 4.069133760527269E-1
2572 2572 -3.4039473703617262
2572 2573 4.853729835674947E-1
2572 2665 5.229695121412801E-1
2572 2666 5.390807132729192E-1
2572 2667 3.648389088808514E-1
2572 2668 5.872494367260321E-1
2573 2427 3.197531322405739E-1
2573 2572 4.853729835674947E-1
2573 2573 -1.795088827131842
2573 2574 5.945122423913418E-2
2573 2668 9.305114870846389E-1
2574 2573 5.945122423913418E-2
2574 2574 -1.7771898784083995
2574 2668 8.401489065156852E-1
2574 2669 6.896405918991423E-1
2574 2670 1.8794915575443782E-1
2612 2519 6.668708565426288E-1
2612 2520 5.737360793930426E-1
2612 2612 -3.473156418109475
2612 2613 5.413850813693091E-1
2612 2665 5.301619864610096E-1
2612 2709 5.311434224348781E-1
2612 2710 6.298589919086073E-1
2613 2520 6.19472974556871E-1
2613 2612 5.413850813693091E-1
2613 2613 -3.4670770086770375
2613 2614 5.758564284059233E-1
2613 2709 5.853907714799536E-1
2613 2754 5.838800973797775E-1
2613 2755 5.610916554852032E-1
2614 2520 4.406743327750954E-1
2614 2521 8.396528166465734E-1
2614 2522 4.600268244440998E-1
2614 2613 5.758564284059233E-1
2614 2614 -3.520822413997012
2614 2615 5.839711304217898E-1
2614 2755 6.206408813035303E-1
2615 2522 5.532224927101344E-1
2615 2614 5.839711304217898E-1
2615 2615 -3.4697275582390734
2615 2616 6.568156136616505E-1
2615 2755 5.614472241276021E-1
2615 2756 5.784984712243602E-1
2615 2757 5.357726260935365E-1
2616 2522 3.044411284032409E-1
2616 2523 8.304906492935368E-1
2616 2524 6.980423520592889E-1
2616 2615 6.568156136616505E-1
2616 2616 -3.5622380259745543
2616 2617 4.465601921555524E-1
2616 2757 6.25888090401285E-1
2617 2524 5.995014717257924E-1
2617 2525 6.851437420403996E-1
2617 2616 4.465601921555524E-1
2617 2617 -3.4806801790572246
2617 2618 5.327106923285113E-1
2617 2757 6.016769900652341E-1
2617 2758 6.15087090741735E-1
2618 2525 5.210290370151354E-1
2618 2526 6.739345023989585E-1
2618 2617 5.327106923285113E-1
2618 2618 -3.471198624765349
2618 2619 5.884006260308334E-1
2618 2758 5.719086955425723E-1
2618 2759 5.83215071449338E-1
2619 2526 5.099508354848712E-1
2619 2527 5.319274472957207E-1
2619 2618 5.884006260308334E-1
2619 2619 -3.4803423535271634
2619 2620 6.840237714485685E-1
2619 2759 5.810805137110459E-1
2619 2760 5.849591595561238E-1
2620 2527 4.8713737929698325E-1
2620 2528 4.779277398237439E-1
2620 2619 6.840237714485685E-1
2620 2620 -3.5000038278461867
2620 2621 6.996025799079988E-1
2620 2760 5.761470572039769E-1
2620 2761 5.751653001649155E-1
2621 2528 4.968744728743776E-1
2621 2620 6.996025799079988E-1
2621 2621 -3.485157059429592
2621 2622 5.304949996737797E-1
2621 2761 5.833097205283113E-1
2621 2762 5.833247251031957E-1
2621 2763 5.91550561341929E-1
2622 2528 6.011998774587743E-1
2622 2529 7.515970741610989E-1
2622 2530 3.730979465612031E-1
2622 2621 5.304949996737797E-1
2622 2622 -3.505730058008227
2622 2623 5.947026914375447E-1
2622 2763 6.546374687158263E-1
2623 2530 6.784039691585332E-1
2623 2531 5.203720595198671E-1
2623 2622 5.947026914375447E-1
2623 2623 -3.480761533817974
2623 2624 4.886791333030937E-1
2623 2763 5.258473706495885E-1
2623 2764 6.727563097493465E-1
2624 2531 6.41814574437853E-1
2624 2623 4.886791333030937E-1
2624 2624 -3.4841230881875775
2624 2625 5.947204458976749E-1
2624 2764 6.239547920872901E-1
2624 2765 6.189268602007254E-1
2624 2766 5.160272822609404E-1
2625 2531 5.118669651485593E-1
2625 2532 6.397152754202675E-1
2625 2624 5.947204458976749E-1
2625 2625 -3.5058519293998236
2625 2626 6.337887875626519E-1
2625 2766 7.265679718139042E-1
2625 2767 3.991924835567658E-1
2626 2532 2.236394035785249E-1
2626 2625 6.337887875626519E-1
2626 2626 -1.693810216087034
2626 2627 2.448063466265626E-1
2626 2767 5.915756783192948E-1
2627 2626 2.448063466265626E-1
2627 2627 -1.6907776735610405
2627 2767 6.005824943625564E-1
2627 2768 6.005824834032132E-1
2627 2769 2.448063491687082E-1
2665 2519 4.851823466849169E-1
2665 2571 7.536570487562502E-1
2665 2572 5.229695121412801E-1
2665 2612 5.301619864610096E-1
2665 2665 -3.491152818313534
2665 2666 6.152397573624624E-1
2665 2710 5.839421669076145E-1
2666 2572 5.390807132729192E-1
2666 2665 6.152397573624624E-1
2666 2666 -3.4709065847753098
2666 2667 6.305875291681351E-1
2666 2710 5.847449629365398E-1
2666 2711 5.609566102647068E-1
2666 2712 5.402970117705465E-1
2667 2572 3.648389088808514E-1
2667 2666 6.305875291681351E-1
2667 2667 -3.5498048390651924
2667 2668 8.939273069040279E-1
2667 2669 5.102379940371847E-1
2667 2712 6.444491798110784E-1
2667 2713 5.057639202639153E-1
2668 2572 5.872494367260321E-1
2668 2573 9.305114870846389E-1
2668 2574 8.401489065156852E-1
2668 2667 8.939273069040279E-1
2668 2668 -3.7217645629273752
2668 2669 4.6992742569699064E-1
2669 2574 6.896405918991423E-1
2669 2667 5.102379940371847E-1
2669 2668 4.6992742569699064E-1
2669 2669 -3.4929872522544687
2669 2670 5.938272576990111E-1
2669 2713 6.802251294279928E-1
2669 2714 5.491288534941472E-1
2670 2574 1.8794915575443782E-1
2670 2669 5.938272576990111E-1
2670 2670 -1.700785516806889
2670 2714 6.656586333918086E-1
2670 2715 2.5335046996163146E-1
2709 2612 5.311434224348781E-1
2709 2613 5.853907714799536E-1
2709 2709 -3.4659422751137714
2709 2710 5.872070496038484E-1
2709 2754 5.796737073653057E-1
2709 2808 6.093399757781982E-1
2709 2853 5.731873484515876E-1
2710 2612 6.298589919086073E-1
2710 2665 5.839421669076145E-1
2710 2666 5.847449629365398E-1
2710 2709 5.872070496038484E-1
2710 2710 -3.467200711717042
2710 2711 5.539283537435085E-1
2710 2808 5.275191866169235E-1
2711 2666 5.609566102647068E-1
2711 2710 5.539283537435085E-1
2711 2711 -3.4657766130341456
2711 2712 6.015019745584798E-1
2711 2808 6.138593017591724E-1
2711 2809 5.691184677890097E-1
2711 2810 5.664119049192688E-1
2712 2666 5.402970117705465E-1
2712 2667 6.444491798110784E-1
2712 2711 6.015019745584798E-1
2712 2712 -3.4681553812731867
2712 2713 5.614362490266951E-1
2712 2810 5.747660351489217E-1
2712 2811 5.457049309574651E-1
2713 2667 5.057639202639153E-1
2713 2669 6.802251294279928E-1
2713 2712 5.614362490266951E-1
2713 2713 -3.4754458745329737
2713 2714 5.130068098863755E-1
2713 2811 6.355081505659745E-1
2713 2812 5.795056153620206E-1
2714 2669 5.491288534941472E-1
2714 2670 6.656586333918086E-1
2714 2713 5.130068098863755E-1
2714 2714 -3.4730468939845394
2714 2715 5.349419649986049E-1
2714 2812 6.149750191014555E-1
2714 2813 5.953356131121474E-1
2715 2670 2.5335046996163146E-1
2715 2714 5.349419649986049E-1
2715 2715 -1.6891509765791062
2715 2813 6.063640385979465E-1
2715 2814 2.9449450302092295E-1
2754 2613 5.838800973797775E-1
2754 2709 5.796737073653057E-1
2754 2754 -3.4641734217324784
2754 2755 5.736358820773557E-1
2754 2853 5.773467341869722E-1
2754 2854 5.74273522836352E-1
2754 2855 5.753634778867158E-1
2755 2613 5.610916554852032E-1
2755 2614 6.206408813035303E-1
2755 2615 5.614472241276021E-1
2755 2754 5.736358820773557E-1
2755 2755 -3.4656730991558558
2755 2756 5.744306804764636E-1
2755 2855 5.744267756857004E-1
2756 2615 5.784984712243602E-1
2756 2755 5.744306804764636E-1
2756 2756 -3.464111986418864
2756 2757 5.778720712353749E-1
2756 2855 5.798173125564046E-1
2756 2856 5.766583654234674E-1
2756 2857 5.768350855027934E-1
2757 2615 5.357726260935365E-1
2757 2616 6.25888090401285E-1
2757 2617 6.016769900652341E-1
2757 2756 5.778720712353749E-1
2757 2757 -3.4675158683096874
2757 2758 5.496373910511141E-1
2757 2857 5.766686994631434E-1
2758 2617 6.15087090741735E-1
2758 2618 5.719086955425723E-1
2758 2757 5.496373910511141E-1
2758 2758 -3.4654968716627748
2758 2759 5.713131044898487E-1
2758 2857 5.789710081722905E-1
2758 2858 5.785795816652146E-1
2759 2618 5.83215071449338E-1
2759 2619 5.810805137110459E-1
2759 2758 5.713131044898487E-1
2759 2759 -3.464166583361485
2759 2760 5.721765995631005E-1
2759 2858 5.779819415865479E-1
2759 2859 5.783993525616038E-1
2760 2619 5.849591595561238E-1
2760 2620 5.761470572039769E-1
2760 2759 5.721765995631005E-1
2760 2760 -3.464151503160328
2760 2761 5.765798870192375E-1
2760 2859 5.771416364874952E-1
2760 2860 5.771471633303937E-1
2761 2620 5.751653001649155E-1
2761 2621 5.833097205283113E-1
2761 2760 5.765798870192375E-1
2761 2761 -3.464143731835655
2761 2762 5.723819928538572E-1
2761 2860 5.782277317949455E-1
2761 2861 5.784790994743885E-1
2762 2621 5.833247251031957E-1
2762 2761 5.723819928538572E-1
2762 2762 -3.464160807739212
2762 2763 5.814252526099752E-1
2762 2861 5.766511480990943E-1
2762 2862 5.77440772472E-1
2762 2863 5.729369166010894E-1
2763 2621 5.91550561341929E-1
2763 2622 6.546374687158263E-1
2763 2623 5.258473706495885E-1
2763 2762 5.814252526099752E-1
2763 2763 -3.4693858641235207
2763 2764 5.436746552021559E-1
2763 2863 5.72250555604046E-1
2764 2623 6.727563097493465E-1
2764 2624 6.239547920872901E-1
2764 2763 5.436746552021559E-1
2764 2764 -3.477224364219644
2764 2765 4.725312331921082E-1
2764 2863 6.101892188682021E-1
2764 2864 5.541181551205412E-1
2765 2624 6.189268602007254E-1
2765 2764 4.725312331921082E-1
2765 2765 -3.542037624712739
2765 2766 8.023237089015994E-1
2765 2864 6.418814154566157E-1
2765 2865 6.741487583168249E-1
2765 2866 3.322256486448658E-1
2766 2624 5.160272822609404E-1
2766 2625 7.265679718139042E-1
2766 2765 8.023237089015994E-1
2766 2766 -3.669993267408219
2766 2767 8.614489384262285E-1
2766 2866 7.636253660055461E-1
2767 2625 3.991924835567658E-1
2767 2626 5.915756783192948E-1
2767 2627 6.005824943625564E-1
2767 2766 8.614489384262285E-1
2767 2767 -3.552064237991553
2767 2768 6.470063104176687E-1
2767 2866 4.522583329090389E-1
2768 2627 6.005824834032132E-1
2768 2767 6.470063104176687E-1
2768 2768 -3.5783107774211556
2768 2769 7.037415556249123E-1
2768 2866 3.297278763949436E-1
2768 2867 9.242680793946384E-1
2768 2868 3.7298447218577935E-1
2769 2627 2.448063491687082E-1
2769 2768 7.037415556249123E-1
2769 2769 -1.70525105312468
2769 2868 4.512053989058835E-1
2769 2869 3.054977494251761E-1
2808 2709 6.093399757781982E-1
2808 2710 5.275191866169235E-1
2808 2711 6.138593017591724E-1
2808 2808 -3.4667650643652266
2808 2809 5.722479431656199E-1
2808 2853 5.764928537760411E-1
2808 2908 5.673058032692719E-1
2809 2711 5.691184677890097E-1
2809 2808 5.722479431656199E-1
2809 2809 -3.464223004881366
2809 2810 5.856445511789843E-1
2809 2908 5.843778257649668E-1
2809 2965 5.761123952627667E-1
2809 2966 5.767218217200187E-1
2810 2711 5.664119049192688E-1
2810 2712 5.747660351489217E-1
2810 2809 5.856445511789843E-1
2810 2810 -3.464620589095282
2810 2811 5.989109186424224E-1
2810 2966 5.763119330575374E-1
2810 2967 5.625752461481476E-1
2811 2712 5.457049309574651E-1
2811 2713 6.355081505659745E-1
2811 2810 5.989109186424224E-1
2811 2811 -3.4673689238165863
2811 2812 5.417117134433509E-1
2811 2967 5.901538248607517E-1
2811 2968 5.553793853466217E-1
2812 2713 5.795056153620206E-1
2812 2714 6.149750191014555E-1
2812 2811 5.417117134433509E-1
2812 2812 -3.4667353822612794
2812 2813 5.377312454065393E-1
2812 2968 6.101121855085125E-1
2812 2969 5.82699603439401E-1
2813 2714 5.953356131121474E-1
2813 2715 6.063640385979465E-1
2813 2812 5.377312454065393E-1
2813 2813 -3.4685749073262224
2813 2814 5.1778980751538E-1
2813 2969 6.251947586935376E-1
2813 2970 5.861594440006713E-1
2814 2715 2.9449450302092295E-1
2814 2813 5.1778980751538E-1
2814 2814 -1.6881761798866295
2814 2815 2.886751292296223E-1
2814 2970 5.872167401207044E-1
2815 2814 2.886751292296223E-1
2815 2815 -1.687259963733494
2815 2970 5.656552455928676E-1
2815 2971 5.688069567281178E-1
2815 2972 2.641226321828863E-1
2853 2709 5.731873484515876E-1
2853 2754 5.773467341869722E-1
2853 2808 5.764928537760411E-1
2853 2853 -3.4641504982955795
2853 2854 5.776089762524322E-1
2853 2908 5.827985213454827E-1
2853 2909 5.767160642830638E-1
2854 2754 5.74273522836352E-1
2854 2853 5.776089762524322E-1
2854 2854 -3.464111076569051
2854 2855 5.795254218847112E-1
2854 2909 5.780911726187784E-1
2854 2910 5.772617138033238E-1
2854 2911 5.773502691734531E-1
2855 2754 5.753634778867158E-1
2855 2755 5.744267756857004E-1
2855 2756 5.798173125564046E-1
2855 2854 5.795254218847112E-1
2855 2855 -3.464115898287055
2855 2856 5.776679153561735E-1
2855 2911 5.773149949173497E-1
2856 2756 5.766583654234674E-1
2856 2855 5.776679153561735E-1
2856 2856 -3.4641022753798
2856 2857 5.781280549805645E-1
2856 2911 5.773502645280646E-1
2856 2912 5.772444418477158E-1
2856 2913 5.770532332438143E-1
2857 2756 5.768350855027934E-1
2857 2757 5.766686994631434E-1
2857 2758 5.789710081722905E-1
2857 2856 5.781280549805645E-1
2857 2857 -3.4641048297284205
2857 2858 5.759934683153254E-1
2857 2913 5.77508513294303E-1
2858 2758 5.785795816652146E-1
2858 2759 5.779819415865479E-1
2858 2857 5.759934683153254E-1
2858 2858 -3.4641041178596517
2858 2859 5.764029803919457E-1
2858 2913 5.776113978629371E-1
2858 2914 5.775347480376811E-1
2859 2759 5.783993525616038E-1
2859 2760 5.771416364874952E-1
2859 2858 5.764029803919457E-1
2859 2859 -3.464102807342755
2859 2860 5.770409522869855E-1
2859 2914 5.775680568982815E-1
2859 2915 5.775498287164429E-1
2860 2760 5.771471633303937E-1
2860 2761 5.782277317949455E-1
2860 2859 5.770409522869855E-1
2860 2860 -3.464102540491136
2860 2861 5.764935607961245E-1
2860 2915 5.775894588707664E-1
2860 2916 5.776036734119201E-1
2861 2761 5.784790994743885E-1
2861 2762 5.766511480990943E-1
2861 2860 5.764935607961245E-1
2861 2861 -3.4641029632762566
2861 2862 5.773502414454492E-1
2861 2916 5.775071616921508E-1
2861 2917 5.776217517690494E-1
2862 2762 5.77440772472E-1
2862 2861 5.773502414454492E-1
2862 2862 -3.464101643494142
2862 2863 5.773502692471555E-1
2862 2917 5.772598219434921E-1
2862 2918 5.77350268953646E-1
2862 2919 5.773502694323986E-1
2863 2762 5.729369166010894E-1
2863 2763 5.72250555604046E-1
2863 2764 6.101892188682021E-1
2863 2862 5.773502692471555E-1
2863 2863 -3.464800503509397
2863 2864 5.61995509449297E-1
2863 2919 5.700780337396067E-1
2864 2764 5.541181551205412E-1
2864 2765 6.418814154566157E-1
2864 2863 5.61995509449297E-1
2864 2864 -3.468967747492396
2864 2865 5.201037707336573E-1
2864 2919 5.969156999916443E-1
2864 2920 5.939531967406406E-1
2865 2765 6.741487583168249E-1
2865 2864 5.201037707336573E-1
2865 2865 -3.471756383322331
2865 2866 5.573411838972051E-1
2865 2920 5.729795257939078E-1
2865 2921 5.649548862616032E-1
2865 2922 5.822282583191327E-1
2866 2765 3.322256486448658E-1
2866 2766 7.636253660055461E-1
2866 2767 4.522583329090389E-1
2866 2768 3.297278763949436E-1
2866 2865 5.573411838972051E-1
2866 2866 -3.4565828059987718
2866 2867 5.625748837535121E-1
2866 2922 4.588295143936601E-1
2867 2768 9.242680793946384E-1
2867 2866 5.625748837535121E-1
2867 2867 -3.681070244367812
2867 2868 6.029986132460075E-1
2867 2922 8.398838688431036E-1
2867 2923 7.513447991305505E-1
2868 2768 3.7298447218577935E-1
2868 2769 4.512053989058835E-1
2868 2867 6.029986132460075E-1
2868 2868 -3.4438015102071056
2868 2869 5.340896446682605E-1
2868 2923 5.3875616112383E-1
2868 2924 2.738906029328137E-1
2868 2925 6.698766171445312E-1
2869 2769 3.054977494251761E-1
2869 2868 5.340896446682605E-1
2869 2869 -1.7758876943002972
2869 2925 8.670893474677638E-1
2869 2926 6.921095273909672E-2
2908 2808 5.673058032692719E-1
2908 2809 5.843778257649668E-1
2908 2853 5.827985213454827E-1
2908 2908 -3.4642026380579587
2908 2909 5.772505621211012E-1
2908 2965 5.767572052806218E-1
2908 3010 5.757127202765142E-1
2909 2853 5.767160642830638E-1
2909 2854 5.780911726187784E-1
2909 2908 5.772505621211012E-1
2909 2909 -3.464103239824265
2909 2910 5.772382609866034E-1
2909 3010 5.780791375887329E-1
2909 3011 5.767280422259853E-1
2910 2854 5.772617138033238E-1
2910 2909 5.772382609866034E-1
2910 2910 -3.464101698457424
2910 2911 5.773502691743986E-1
2910 3011 5.775509160585605E-1
2910 3012 5.773502693466752E-1
2910 3013 5.773502690878627E-1
2911 2854 5.773502691734531E-1
2911 2855 5.773149949173497E-1
2911 2856 5.773502645280646E-1
2911 2910 5.773502691743986E-1
2911 2911 -3.4641016194491376
2911 2912 5.77385552423789E-1
2911 3013 5.773502692320827E-1
2912 2856 5.772444418477158E-1
2912 2911 5.77385552423789E-1
2912 2912 -3.464101625915317
2912 2913 5.774208232518434E-1
2912 3013 5.773502690658648E-1
2912 3014 5.773502694045951E-1
2912 3015 5.773502699215085E-1
2913 2856 5.770532332438143E-1
2913 2857 5.77508513294303E-1
2913 2858 5.776113978629371E-1
2913 2912 5.774208232518434E-1
2913 2913 -3.4641017548623108
2913 2914 5.771575178096873E-1
2913 3015 5.773502693997252E-1
2914 2858 5.775347480376811E-1
2914 2859 5.775680568982815E-1
2914 2913 5.771575178096873E-1
2914 2914 -3.4641017206244165
2914 2915 5.771408639150896E-1
2914 3015 5.773502672176064E-1
2914 3016 5.77350266746071E-1
2915 2859 5.775498287164429E-1
2915 2860 5.775894588707664E-1
2915 2914 5.771408639150896E-1
2915 2915 -3.464101740718713
2915 2916 5.771210495545818E-1
2915 3016 5.773502704855259E-1
2915 3017 5.773502691763066E-1
2916 2860 5.776036734119201E-1
2916 2861 5.775071616921508E-1
2916 2915 5.771210495545818E-1
2916 2916 -3.464101727968543
2916 2917 5.771693049502067E-1
2916 3017 5.77350268865821E-1
2916 3018 5.773502694938629E-1
2917 2861 5.776217517690494E-1
2917 2862 5.772598219434921E-1
2917 2916 5.771693049502067E-1
2917 2917 -3.464101686041898
2917 2918 5.773502695744104E-1
2917 3018 5.773502687224562E-1
2917 3019 5.773502690822829E-1
2918 2862 5.77350268953646E-1
2918 2917 5.773502695744104E-1
2918 2918 -3.464101615137755
2918 2919 5.773502692408732E-1
2918 3019 5.773502690771036E-1
2918 3020 5.773502690282708E-1
2918 3021 5.773502692634507E-1
2919 2862 5.773502694323986E-1
2919 2863 5.700780337396067E-1
2919 2864 5.969156999916443E-1
2919 2918 5.773502692408732E-1
2919 2919 -3.464445623438066
2919 2920 5.654010820248221E-1
2919 3021 5.773502690087209E-1
2920 2864 5.939531967406406E-1
2920 2865 5.729795257939078E-1
2920 2919 5.654010820248221E-1
2920 2920 -3.46438461209206
2920 2921 5.773502693720896E-1
2920 3021 5.773502691648407E-1
2920 3022 5.773502689957591E-1
2921 2865 5.649548862616032E-1
2921 2920 5.773502693720896E-1
2921 2921 -3.4653800619236166
2921 2922 6.170321350699293E-1
2921 3022 5.773502690856835E-1
2921 3023 5.752188435477978E-1
2921 3024 5.534736585865138E-1
2922 2865 5.822282583191327E-1
2922 2866 4.588295143936601E-1
2922 2867 8.398838688431036E-1
2922 2921 6.170321350699293E-1
2922 2922 -3.523810917615674
2922 2923 4.1848572718684063E-1
2922 3024 6.073514138030083E-1
2923 2867 7.513447991305505E-1
2923 2868 5.3875616112383E-1
2923 2922 4.1848572718684063E-1
2923 2923 -3.5136861432407267
2923 2924 7.240452506810877E-1
2923 3024 5.606143194447377E-1
2923 3025 5.204398856736802E-1
2924 2868 2.738906029328137E-1
2924 2923 7.240452506810877E-1
2924 2924 -3.5613089919621137
2924 2925 8.372312323952132E-1
2924 3025 6.462367263022646E-1
2924 3026 4.66887524927063E-1
2924 3067 6.130176547236712E-1
2925 2868 6.698766171445312E-1
2925 2869 8.670893474677638E-1
2925 2924 8.372312323952132E-1
2925 2925 -3.695132192344282
2925 2926 8.491634508282544E-1
2925 3067 4.7177154450851944E-1
2926 2869 6.921095273909672E-2
2926 2925 8.491634508282544E-1
2926 2926 -1.7659922102935264
2926 2927 2.278329004954323E-1
2926 3067 6.197849062307431E-1
2927 2926 2.278329004954323E-1
2927 2927 -1.7057756966306912
2927 3027 4.80693385137546E-1
2927 3028 3.215643753596795E-1
2927 3067 6.756850356380335E-1
2965 2809 5.761123952627667E-1
2965 2908 5.767572052806218E-1
2965 2965 -3.4641044481648438
2965 2966 5.788877540975113E-1
2965 3010 5.784928318372884E-1
2965 3068 5.768748928882075E-1
2965 3069 5.769793687984479E-1
2966 2809 5.767218217200187E-1
2966 2810 5.763119330575374E-1
2966 2965 5.788877540975113E-1
2966 2966 -3.4641058948360133
2966 2967 5.791538641455352E-1
2966 3068 5.765767985253014E-1
2966 3070 5.764537232901097E-1
2967 2810 5.625752461481476E-1
2967 2811 5.901538248607517E-1
2967 2966 5.791538641455352E-1
2967 2967 -3.464467009124842
2967 2968 5.885449760285673E-1
2967 3070 5.764062358630868E-1
2967 3071 5.676328620787536E-1
2968 2811 5.553793853466217E-1
2968 2812 6.101121855085125E-1
2968 2967 5.885449760285673E-1
2968 2968 -3.4655597557812605
2968 2969 5.424660048334866E-1
2968 3071 5.902734065400495E-1
2968 3072 5.787837975240229E-1
2969 2812 5.82699603439401E-1
2969 2813 6.251947586935376E-1
2969 2968 5.424660048334866E-1
2969 2969 -3.4660863657310212
2969 2970 5.584148410801633E-1
2969 3072 5.837620827906642E-1
2969 3073 5.735490748937687E-1
2970 2813 5.861594440006713E-1
2970 2814 5.872167401207044E-1
2970 2815 5.656552455928676E-1
2970 2969 5.584148410801633E-1
2970 2970 -3.465088750851571
2970 2971 5.870535319465588E-1
2970 3073 5.805889481106049E-1
2971 2815 5.688069567281178E-1
2971 2970 5.870535319465588E-1
2971 2971 -3.4683322184735914
2971 2972 6.16679885716597E-1
2971 3073 5.761123478231422E-1
2971 3074 5.107373149615333E-1
2971 3075 6.08942181297642E-1
2972 2815 2.641226321828863E-1
2972 2971 6.16679885716597E-1
2972 2972 -1.6898965503924583
2972 3075 5.595770757871763E-1
2972 3076 2.495169567057987E-1
3010 2908 5.757127202765142E-1
3010 2909 5.780791375887329E-1
3010 2965 5.784928318372884E-1
3010 3010 -3.4641040169677577
3010 3011 5.776179315312602E-1
3010 3069 5.773502670792696E-1
3010 3115 5.768511286546925E-1
3011 2909 5.767280422259853E-1
3011 2910 5.775509160585605E-1
3011 3010 5.776179315312602E-1
3011 3011 -3.464101870096714
3011 3012 5.773502700211275E-1
3011 3115 5.775044425162796E-1
3011 3116 5.77350267743501E-1
3012 2910 5.773502693466752E-1
3012 3011 5.773502700211275E-1
3012 3012 -3.4641016151377544
3012 3013 5.773502692064014E-1
3012 3116 5.77350267907182E-1
3012 3117 5.773502693602179E-1
3012 3118 5.773502692961506E-1
3013 2910 5.773502690878627E-1
3013 2911 5.773502692320827E-1
3013 2912 5.773502690658648E-1
3013 3012 5.773502692064014E-1
3013 3013 -3.464101615137755
3013 3014 5.773502691438999E-1
3013 3118 5.773502694016435E-1
3014 2912 5.773502694045951E-1
3014 3013 5.773502691438999E-1
3014 3014 -3.4641016151377544
3014 3015 5.773502687413019E-1
3014 3118 5.773502690060451E-1
3014 3119 5.773502693760989E-1
3014 3120 5.773502694658141E-1
3015 2912 5.773502699215085E-1
3015 2913 5.773502693997252E-1
3015 2914 5.773502672176064E-1
3015 3014 5.773502687413019E-1
3015 3015 -3.4641016151377544
3015 3016 5.773502709835777E-1
3015 3120 5.773502688740351E-1
3016 2914 5.77350266746071E-1
3016 2915 5.773502704855259E-1
3016 3015 5.773502709835777E-1
3016 3016 -3.4641016151377553
3016 3017 5.773502692240964E-1
3016 3120 5.773502689862817E-1
3016 3121 5.773502687122023E-1
3017 2915 5.773502691763066E-1
3017 2916 5.77350268865821E-1
3017 3016 5.773502692240964E-1
3017 3017 -3.464101615137754
3017 3018 5.773502692276844E-1
3017 3121 5.773502693525383E-1
3017 3122 5.77350269291308E-1
3018 2916 5.773502694938629E-1
3018 2917 5.773502687224562E-1
3018 3017 5.773502692276844E-1
3018 3018 -3.464101615137755
3018 3019 5.773502694773636E-1
3018 3122 5.773502689721579E-1
3018 3123 5.773502692442295E-1
3019 2917 5.773502690822829E-1
3019 2918 5.773502690771036E-1
3019 3018 5.773502694773636E-1
3019 3019 -3.4641016151377544
3019 3020 5.773502692656224E-1
3019 3123 5.773502690101371E-1
3019 3124 5.77350269225245E-1
3020 2918 5.773502690282708E-1
3020 3019 5.773502692656224E-1
3020 3020 -3.4641016151377544
3020 3021 5.773502692984509E-1
3020 3124 5.773502691434147E-1
3020 3125 5.7735026954968E-1
3020 3126 5.773502688523159E-1
3021 2918 5.773502692634507E-1
3021 2919 5.773502690087209E-1
3021 2920 5.773502691648407E-1
3021 3020 5.773502692984509E-1
3021 3021 -3.464101615137755
3021 3022 5.773502692013519E-1
3021 3126 5.773502692009396E-1
3022 2920 5.773502689957591E-1
3022 2921 5.773502690856835E-1
3022 3021 5.773502692013519E-1
3022 3022 -3.4641016151377544
3022 3023 5.773502693667649E-1
3022 3126 5.773502695938524E-1
3022 3127 5.773502688943427E-1
3023 2921 5.752188435477978E-1
3023 3022 5.773502693667649E-1
3023 3023 -3.4641373254508547
3023 3024 5.835153285348933E-1
3023 3127 5.773502690855687E-1
3023 3128 5.773502692803401E-1
3023 3129 5.733523456354901E-1
3024 2921 5.534736585865138E-1
3024 2922 6.073514138030083E-1
3024 2923 5.606143194447377E-1
3024 3023 5.835153285348933E-1
3024 3024 -3.4652075400747004
3024 3025 5.770390936239529E-1
3024 3129 5.832137260815946E-1
3025 2923 5.204398856736802E-1
3025 2924 6.462367263022646E-1
3025 3024 5.770390936239529E-1
3025 3025 -3.4700960001349967
3025 3026 5.71224201897313E-1
3025 3129 5.755183610365208E-1
3025 3130 5.796377316012653E-1
3026 2924 4.66887524927063E-1
3026 3025 5.71224201897313E-1
3026 3026 -3.4889175195510616
3026 3027 5.052137240688841E-1
3026 3067 6.755272717874552E-1
3026 3130 5.691877387825277E-1
3026 3131 7.008770580878183E-1
3027 2927 4.80693385137546E-1
3027 3026 5.052137240688841E-1
3027 3027 -3.398483948473938
3027 3028 5.054271225047031E-1
3027 3067 4.530468805307538E-1
3027 3131 4.881473671357855E-1
3027 3132 3.9475790716920756E-1
3027 3133 5.711975619270585E-1
3028 2927 3.215643753596795E-1
3028 3027 5.054271225047031E-1
3028 3028 -1.7926623695774746
3028 3133 9.154795633845694E-1
3028 3134 5.019130832852253E-2
3067 2924 6.130176547236712E-1
3067 2925 4.7177154450851944E-1
3067 2926 6.197849062307431E-1
3067 2927 6.756850356380335E-1
3067 3026 6.755272717874552E-1
3067 3027 4.530468805307538E-1
3067 3067 -3.508833293419176
3068 2965 5.768748928882075E-1
3068 2966 5.765767985253014E-1
3068 3068 -3.4641029019857266
3068 3069 5.778108708683074E-1
3068 3070 5.784075256344736E-1
3068 3173 5.773865500256816E-1
3068 3174 5.77046264043755E-1
3069 2965 5.769793687984479E-1
3069 3010 5.773502670792696E-1
3069 3068 5.778108708683074E-1
3069 3069 -3.4641019002702556
3069 3115 5.776320472043046E-1
3069 3173 5.771713041155409E-1
3069 3185 5.771580422043852E-1
3070 2966 5.764537232901097E-1
3070 2967 5.764062358630868E-1
3070 3068 5.784075256344736E-1
3070 3070 -3.4641072018378005
3070 3071 5.794175275198437E-1
3070 3174 5.776411350761669E-1
3070 3175 5.7578105445412E-1
3071 2967 5.676328620787536E-1
3071 2968 5.902734065400495E-1
3071 3070 5.794175275198437E-1
3071 3071 -3.4643041083501456
3071 3072 5.694264054042288E-1
3071 3175 5.79505581290506E-1
3071 3176 5.780483255167639E-1
3072 2968 5.787837975240229E-1
3072 2969 5.837620827906642E-1
3072 3071 5.694264054042288E-1
3072 3072 -3.4642258739237657
3072 3073 5.738675508540538E-1
3072 3176 5.748360668144921E-1
3072 3177 5.835499705363034E-1
3073 2969 5.735490748937687E-1
3073 2970 5.805889481106049E-1
3073 2971 5.761123478231422E-1
3073 3072 5.738675508540538E-1
3073 3073 -3.4666052299089616
3073 3074 6.256959339335264E-1
3073 3177 5.367913742938657E-1
3074 2971 5.107373149615333E-1
3074 3073 6.256959339335264E-1
3074 3074 -3.492628019487118
3074 3075 6.042313630722731E-1
3074 3177 6.170770396730365E-1
3074 3178 4.1639746362537006E-1
3074 3179 7.184889042213789E-1
3075 2971 6.08942181297642E-1
3075 2972 5.595770757871763E-1
3075 3074 6.042313630722731E-1
3075 3075 -3.483724340315124
3075 3076 5.299943367893456E-1
3075 3179 4.9112421954597174E-1
3075 3180 6.898551638227155E-1
3076 2972 2.495169567057987E-1
3076 3075 5.299943367893456E-1
3076 3076 -1.7213662615232401
3076 3180 7.613001093471192E-1
3076 3181 1.8055485868097682E-1
3115 3010 5.768511286546925E-1
3115 3011 5.775044425162796E-1
3115 3069 5.776320472043046E-1
3115 3115 -3.46410179555926
3115 3116 5.773504462499854E-1
3115 3185 5.774148207730243E-1
3115 3221 5.773489101609739E-1
3116 3011 5.77350267743501E-1
3116 3012 5.77350267907182E-1
3116 3115 5.773504462499854E-1
3116 3116 -3.464101615137866
3116 3117 5.773502704090198E-1
3116 3221 5.773502770313982E-1
3116 3222 5.773500857967795E-1
3117 3012 5.773502693602179E-1
3117 3116 5.773502704090198E-1
3117 3117 -3.4641016151377553
3117 3118 5.773502690770783E-1
3117 3222 5.773502675579953E-1
3117 3223 5.773502696972317E-1
3117 3224 5.77350269036212E-1
3118 3012 5.773502692961506E-1
3118 3013 5.773502694016435E-1
3118 3014 5.773502690060451E-1
3118 3117 5.773502690770783E-1
3118 3118 -3.4641016151377544
3118 3119 5.773502691145111E-1
3118 3224 5.77350269242326E-1
3119 3014 5.773502693760989E-1
3119 3118 5.773502691145111E-1
3119 3119 -3.4641016151377544
3119 3120 5.77350269247426E-1
3119 3224 5.773502692436809E-1
3119 3225 5.773502692392554E-1
3119 3226 5.773502689167822E-1
3120 3014 5.773502694658141E-1
3120 3015 5.773502688740351E-1
3120 3016 5.773502689862817E-1
3120 3119 5.77350269247426E-1
3120 3120 -3.4641016151377544
3120 3121 5.773502693987258E-1
3120 3226 5.773502691654722E-1
3121 3016 5.773502687122023E-1
3121 3017 5.773502693525383E-1
3121 3120 5.773502693987258E-1
3121 3121 -3.4641016151377544
3121 3122 5.773502691500514E-1
3121 3226 5.77350269428021E-1
3121 3227 5.773502690962158E-1
3122 3017 5.77350269291308E-1
3122 3018 5.773502689721579E-1
3122 3121 5.773502691500514E-1
3122 3122 -3.464101615137755
3122 3123 5.773502692918514E-1
3122 3227 5.773502693237664E-1
3122 3228 5.773502691086194E-1
3123 3018 5.773502692442295E-1
3123 3019 5.773502690101371E-1
3123 3122 5.773502692918514E-1
3123 3123 -3.4641016151377544
3123 3124 5.773502693172732E-1
3123 3228 5.773502692169551E-1
3123 3229 5.773502690573082E-1
3124 3019 5.77350269225245E-1
3124 3020 5.773502691434147E-1
3124 3123 5.773502693172732E-1
3124 3124 -3.464101615137754
3124 3125 5.773502693923678E-1
3124 3229 5.773502691462822E-1
3124 3230 5.773502689131713E-1
3125 3020 5.7735026954968E-1
3125 3124 5.773502693923678E-1
3125 3125 -3.4641016151377544
3125 3126 5.77350269521707E-1
3125 3230 5.773502695749249E-1
3125 3231 5.773502689091854E-1
3125 3232 5.773502681898895E-1
3126 3020 5.773502688523159E-1
3126 3021 5.773502692009396E-1
3126 3022 5.773502695938524E-1
3126 3125 5.77350269521707E-1
3126 3126 -3.4641016151377553
3126 3127 5.77350268725175E-1
3126 3232 5.773502692437652E-1
3127 3022 5.773502688943427E-1
3127 3023 5.773502690855687E-1
3127 3126 5.77350268725175E-1
3127 3127 -3.464101615137755
3127 3128 5.773502689712184E-1
3127 3232 5.773502701247877E-1
3127 3233 5.773502693366622E-1
3128 3023 5.773502692803401E-1
3128 3127 5.773502689712184E-1
3128 3128 -3.4641016151377544
3128 3129 5.77350269074056E-1
3128 3233 5.773502696049114E-1
3128 3234 5.7735026902621E-1
3128 3235 5.773502691810184E-1
3129 3023 5.733523456354901E-1
3129 3024 5.832137260815946E-1
3129 3025 5.755183610365208E-1
3129 3128 5.77350269074056E-1
3129 3129 -3.4641352405822357
3129 3130 5.773502694696933E-1
3129 3235 5.773502692848809E-1
3130 3025 5.796377316012653E-1
3130 3026 5.691877387825277E-1
3130 3129 5.773502694696933E-1
3130 3130 -3.4654679452260124
3130 3131 5.546112512523464E-1
3130 3235 5.773502688293308E-1
3130 3236 6.073306852908491E-1
3131 3026 7.008770580878183E-1
3131 3027 4.881473671357855E-1
3131 3130 5.546112512523464E-1
3131 3131 -3.48221635779176
3131 3132 6.624753921388387E-1
3131 3236 5.182567136787584E-1
3131 3237 5.578485754982125E-1
3132 3027 3.9475790716920756E-1
3132 3131 6.624753921388387E-1
3132 3132 -3.5422159214214752
3132 3133 8.569029027035575E-1
3132 3237 5.63086778978849E-1
3132 3238 4.9952046370428554E-1
3132 3239 5.654724767267367E-1
3133 3027 5.711975619270585E-1
3133 3028 9.154795633845694E-1
3133 3132 8.569029027035575E-1
3133 3133 -3.713445807680729
3133 3134 8.611767075356216E-1
3133 3239 5.086890721299224E-1
3134 3028 5.019130832852253E-2
3134 3133 8.611767075356216E-1
3134 3134 -1.7889777239657336
3134 3239 6.840836175442793E-1
3134 3240 1.9352609055731024E-1
3173 3068 5.773865500256816E-1
3173 3069 5.771713041155409E-1
3173 3173 -3.4641016480767153
3173 3174 5.773844840841285E-1
3173 3185 5.774810979049085E-1
3173 3280 5.773494404823771E-1
3173 3282 5.773287714640778E-1
3174 3068 5.77046264043755E-1
3174 3070 5.776411350761669E-1
3174 3173 5.773844840841285E-1
3174 3174 -3.4641017976798345
3174 3175 5.775797789460939E-1
3174 3282 5.773480141725725E-1
3174 3283 5.771021213571172E-1
3175 3070 5.7578105445412E-1
3175 3071 5.79505581290506E-1
3175 3174 5.775797789460939E-1
3175 3175 -3.4641063825399776
3175 3176 5.761640169028887E-1
3175 3283 5.776501500285E-1
3175 3284 5.774258009178689E-1
3176 3071 5.780483255167639E-1
3176 3072 5.748360668144921E-1
3176 3175 5.761640169028887E-1
3176 3176 -3.4641848765853513
3176 3177 5.773823021070559E-1
3176 3284 5.712163293207346E-1
3176 3285 5.865378359234164E-1
3177 3072 5.835499705363034E-1
3177 3073 5.367913742938657E-1
3177 3074 6.170770396730365E-1
3177 3176 5.773823021070559E-1
3177 3177 -3.4674278897229156
