%%MatrixMarket matrix coordinate real general
%
24863 24863 5753
7992 7992 -1.7699792323688652
7992 7993 2.10499537481537E-1
7992 8234 1.6094257282001456E-1
7992 8235 9.084384300273096E-1
7992 8236 4.90098692040004E-1
7993 7992 2.10499537481537E-1
7993 7993 -1.6987630443225434
7993 7994 2.3827681612140272E-1
7993 8236 6.813260675019419E-1
7993 8237 5.686606232176616E-1
7994 7993 2.3827681612140272E-1
7994 7994 -1.6963054287955242
7994 7995 2.4392032117568235E-1
7994 8237 6.838703719823676E-1
7994 8238 5.302379195160716E-1
7995 7994 2.4392032117568235E-1
7995 7995 -1.7071934481614441
7995 7996 2.6706457089539537E-1
7995 8238 7.428317979886954E-1
7995 8239 4.533767581016713E-1
7996 7995 2.6706457089539537E-1
7996 7996 -1.7036895613003225
7996 7997 2.2166949459087693E-1
7996 8239 7.209578707664819E-1
7996 8240 4.939976250475683E-1
7997 7996 2.2166949459087693E-1
7997 7997 -1.76479665470583
7997 8240 6.638140632682761E-1
7997 8241 8.079352345829384E-1
7997 8242 7.137786226373855E-2
8233 8233 -1.787449786262386
8233 8234 2.022388621061997E-1
8233 8398 2.8867513417634477E-1
8233 8399 3.56805083201541E-1
8233 8400 9.397307067783007E-1
8234 7992 1.6094257282001456E-1
8234 8233 2.022388621061997E-1
8234 8234 -1.6487550700512699
8234 8235 5.872580374846241E-1
8234 8400 4.876206295324569E-1
8234 8401 2.106949681079745E-1
8235 7992 9.084384300273096E-1
8235 8234 5.872580374846241E-1
8235 8235 -3.690111891484865
8235 8236 6.386064835795406E-1
8235 8401 8.514567814730316E-1
8235 8402 7.043521589203593E-1
8236 7992 4.90098692040004E-1
8236 7993 6.813260675019419E-1
8236 8235 6.386064835795406E-1
8236 8236 -3.5022253275289943
8236 8237 4.833785537020572E-1
8236 8402 5.883851175876389E-1
8236 8403 6.204304131178111E-1
8237 7993 5.686606232176616E-1
8237 7994 6.838703719823676E-1
8237 8236 4.833785537020572E-1
8237 8237 -3.4812927563059346
8237 8238 5.355570615746831E-1
8237 8403 6.877119926745479E-1
8237 8404 5.221141531546173E-1
8238 7994 5.302379195160716E-1
8238 7995 7.428317979886954E-1
8238 8237 5.355570615746831E-1
8238 8238 -3.5222094502464856
8238 8239 5.818741252369204E-1
8238 8404 7.832443924089876E-1
8238 8405 3.484641535211274E-1
8239 7995 4.533767581016713E-1
8239 7996 7.209578707664819E-1
8239 8238 5.818741252369204E-1
8239 8239 -3.509655887682945
8239 8240 5.701657128424817E-1
8239 8405 7.598572656209629E-1
8239 8406 4.2342415511442627E-1
8240 7996 4.939976250475683E-1
8240 7997 6.638140632682761E-1
8240 8239 5.701657128424817E-1
8240 8240 -3.513387508169023
8240 8241 5.55230625693011E-1
8240 8406 7.94847234995347E-1
8240 8407 4.353322463223396E-1
8241 7997 8.079352345829384E-1
8241 8240 5.55230625693011E-1
8241 8241 -3.714923571378693
8241 8242 9.307315636058613E-1
8241 8407 8.995496579744001E-1
8241 8408 5.214764895224824E-1
8242 7997 7.137786226373855E-2
8242 8241 9.307315636058613E-1
8242 8242 -1.7879062890691004
8242 8408 4.749415775509878E-1
8242 8409 3.1085528564851267E-1
8397 8397 -1.6462418908023113
8397 8398 2.0145662381483975E-1
8397 8566 2.0697373030625701E-1
8397 8567 5.603240324200318E-1
8397 8568 2.0589298812674406E-1
8397 8569 4.715945161344385E-1
8398 8233 2.8867513417634477E-1
8398 8397 2.0145662381483975E-1
8398 8398 -1.8287362842411907
8398 8399 3.140484006090906E-1
8398 8569 1.0245561256409155
8399 8233 3.56805083201541E-1
8399 8398 3.140484006090906E-1
8399 8399 -3.677125485649556
8399 8400 9.290050164266297E-1
8399 8569 9.060558680002053E-1
8399 8570 7.276917151052658E-1
8399 8571 4.4351940230682346E-1
8400 8233 9.397307067783007E-1
8400 8234 4.876206295324569E-1
8400 8399 9.290050164266297E-1
8400 8400 -3.7970351435051404
8400 8401 1.0312698374232974
8400 8571 4.094089533444557E-1
8401 8234 2.106949681079745E-1
8401 8235 8.514567814730316E-1
8401 8400 1.0312698374232974
8401 8401 -3.675357607961951
8401 8402 5.430412778023948E-1
8401 8571 5.520586967032797E-1
8401 8572 4.8683604645197376E-1
8402 8235 7.043521589203593E-1
8402 8236 5.883851175876389E-1
8402 8401 5.430412778023948E-1
8402 8402 -3.5165578325359554
8402 8403 4.324084961840992E-1
8402 8572 7.309042295188111E-1
8402 8573 5.174665525226518E-1
8403 8236 6.204304131178111E-1
8403 8237 6.877119926745479E-1
8403 8402 4.324084961840992E-1
8403 8403 -3.4997315189074083
8403 8404 4.6020017771454713E-1
8403 8573 7.48691653040789E-1
8403 8574 5.502887861756136E-1
8404 8237 5.221141531546173E-1
8404 8238 7.832443924089876E-1
8404 8403 4.6020017771454713E-1
8404 8404 -3.5159149799005975
8404 8405 4.499329727353323E-1
8404 8574 7.506529261002457E-1
8404 8575 5.497703577868678E-1
8405 8238 3.484641535211274E-1
8405 8239 7.598572656209629E-1
8405 8404 4.499329727353323E-1
8405 8405 -3.5375114367371916
8405 8406 5.722174350068661E-1
8405 8575 7.777303362438108E-1
8405 8576 6.293092736090922E-1
8406 8239 4.2342415511442627E-1
8406 8240 7.94847234995347E-1
8406 8405 5.722174350068661E-1
8406 8406 -3.513752574257752
8406 8407 5.118138955892615E-1
8406 8576 7.219410953243264E-1
8406 8577 4.895087582275244E-1
8407 8240 4.353322463223396E-1
8407 8241 8.995496579744001E-1
8407 8406 5.118138955892615E-1
8407 8407 -3.5566893629120226
8407 8408 3.897058636817008E-1
8407 8577 6.838013765233026E-1
8407 8578 6.364863228210178E-1
8408 8241 5.214764895224824E-1
8408 8242 4.749415775509878E-1
8408 8407 3.897058636817008E-1
8408 8408 -3.393275628963365
8408 8409 5.331799695649229E-1
8408 8578 5.405796063624686E-1
8408 8579 4.030043174379329E-1
8408 8580 5.303878048428691E-1
8409 8242 3.1085528564851267E-1
8409 8408 5.331799695649229E-1
8409 8409 -1.6947103723924082
8409 8580 6.203506050740579E-1
8409 8581 2.3032451210491472E-1
8566 8397 2.0697373030625701E-1
8566 8566 -1.779212414360714
8566 8567 9.323405497358002E-1
8566 8738 3.2234229087369204E-1
8566 8739 3.17555843444965E-1
8567 8397 5.603240324200318E-1
8567 8566 9.323405497358002E-1
8567 8567 -3.6968764066248427
8567 8568 8.551027589842257E-1
8567 8739 6.788119022802385E-1
8567 8740 6.702971632045467E-1
8568 8397 2.0589298812674406E-1
8568 8567 8.551027589842257E-1
8568 8568 -3.654681158640068
8568 8569 9.992049500944626E-1
8568 8570 4.886755143165466E-1
8568 8740 5.924144809134223E-1
8568 8741 5.133904662046667E-1
8569 8397 4.715945161344385E-1
8569 8398 1.0245561256409155
8569 8399 9.060558680002053E-1
8569 8568 9.992049500944626E-1
8569 8569 -3.8172329856679617
8569 8570 4.158215257979396E-1
8570 8399 7.276917151052658E-1
8570 8568 4.886755143165466E-1
8570 8569 4.158215257979396E-1
8570 8570 -3.5124531493275613
8570 8571 5.315014588954204E-1
8570 8741 6.792473719642954E-1
8570 8742 6.695155632480934E-1
8571 8399 4.4351940230682346E-1
8571 8400 4.094089533444557E-1
8571 8401 5.520586967032797E-1
8571 8570 5.315014588954204E-1
8571 8571 -3.3910834269102246
8571 8572 5.215521447530546E-1
8571 8742 5.22069600373372E-1
8571 8743 4.109731705338183E-1
8572 8401 4.8683604645197376E-1
8572 8402 7.309042295188111E-1
8572 8571 5.215521447530546E-1
8572 8572 -3.4991610287468586
8572 8573 5.040882925749224E-1
8572 8743 7.067054844376821E-1
8572 8744 5.490748310104148E-1
8573 8402 5.174665525226518E-1
8573 8403 7.48691653040789E-1
8573 8572 5.040882925749224E-1
8573 8573 -3.4889171124655247
8573 8574 4.6960322892807305E-1
8573 8744 6.497646492043763E-1
8573 8745 5.993027361947123E-1
8574 8403 5.502887861756136E-1
8574 8404 7.506529261002457E-1
8574 8573 4.6960322892807305E-1
8574 8574 -3.485619040147752
8574 8575 5.091794139289085E-1
8574 8745 6.064740558763617E-1
8574 8746 5.994206291385493E-1
8575 8404 5.497703577868678E-1
8575 8405 7.777303362438108E-1
8575 8574 5.091794139289085E-1
8575 8575 -3.4958438177022413
8575 8576 4.549714005714195E-1
8575 8746 6.00626166881133E-1
8575 8747 6.035661422901015E-1
8576 8405 6.293092736090922E-1
8576 8406 7.219410953243264E-1
8576 8575 4.549714005714195E-1
8576 8576 -3.488647715167465
8576 8577 5.3345726864272E-1
8576 8747 5.878290911724605E-1
8576 8748 5.611395858474464E-1
8577 8406 4.895087582275244E-1
8577 8407 6.838013765233026E-1
8577 8576 5.3345726864272E-1
8577 8577 -3.477135208171482
8577 8578 5.323307796085452E-1
8577 8748 6.367629869509079E-1
8577 8749 6.012740382184825E-1
8578 8407 6.364863228210178E-1
8578 8408 5.405796063624686E-1
8578 8577 5.323307796085452E-1
8578 8578 -3.4792441613524865
8578 8579 6.699722930592411E-1
8578 8749 5.720526849783734E-1
8578 8750 5.278224745228404E-1
8579 8408 4.030043174379329E-1
8579 8578 6.699722930592411E-1
8579 8579 -3.5015684514799457
8579 8580 7.436038303491704E-1
8579 8750 6.095440716008252E-1
8579 8751 5.174969464405194E-1
8579 8752 5.579469925922564E-1
8580 8408 5.303878048428691E-1
8580 8409 6.203506050740579E-1
8580 8579 7.436038303491704E-1
8580 8580 -3.5074101747815423
8580 8581 6.260026394803622E-1
8580 8752 4.511392242874634E-1
8580 8753 5.35926070747619E-1
8581 8409 2.3032451210491472E-1
8581 8580 6.260026394803622E-1
8581 8581 -1.7636797320634
8581 8753 8.357576856822158E-1
8581 8754 7.159489479590714E-2
8737 8737 -1.7499119191953008
8737 8738 1.0684971778680791E-1
8737 8912 2.7145301899833524E-1
8737 8913 5.464981142790388E-1
8737 8966 8.251110681311188E-1
8738 8566 3.2234229087369204E-1
8738 8737 1.0684971778680791E-1
8738 8738 -1.7484646543492608
8738 8739 5.139672051265252E-1
8738 8966 8.053054405622357E-1
8739 8566 3.17555843444965E-1
8739 8567 6.788119022802385E-1
8739 8738 5.139672051265252E-1
8739 8739 -3.4403459340246982
8739 8740 4.6332703791779645E-1
8739 8914 3.8299177368543214E-1
8739 8915 4.392383011907814E-1
8739 8966 6.444538703789597E-1
8740 8567 6.702971632045467E-1
8740 8568 5.924144809134223E-1
8740 8739 4.6332703791779645E-1
8740 8740 -3.5005453006943164
8740 8741 5.737941033214167E-1
8740 8915 6.959127345500751E-1
8740 8916 5.04799780787059E-1
8741 8568 5.133904662046667E-1
8741 8570 6.792473719642954E-1
8741 8740 5.737941033214167E-1
8741 8741 -3.476693487431479
8741 8742 4.9917437017919847E-1
8741 8916 6.016941080473109E-1
8741 8917 6.093930677145909E-1
8742 8570 6.695155632480934E-1
8742 8571 5.22069600373372E-1
8742 8741 4.9917437017919847E-1
8742 8742 -3.4828561981354453
8742 8743 6.554199140263293E-1
8742 8917 5.65681433892478E-1
8742 8918 5.70995316415974E-1
8743 8571 4.109731705338183E-1
8743 8572 7.067054844376821E-1
8743 8742 6.554199140263293E-1
8743 8743 -3.490575213385716
8743 8744 5.589316132280222E-1
8743 8918 5.855788712337885E-1
8743 8919 5.729661599260758E-1
8744 8572 5.490748310104148E-1
8744 8573 6.497646492043763E-1
8744 8743 5.589316132280222E-1
8744 8744 -3.4678790618181976
8744 8745 5.391297549506671E-1
8744 8919 5.876279223935381E-1
8744 8920 5.833502910311793E-1
8745 8573 5.993027361947123E-1
8745 8574 6.064740558763617E-1
8745 8744 5.391297549506671E-1
8745 8745 -3.466154252001734
8745 8746 5.574457231411873E-1
8745 8920 5.818928398713623E-1
8745 8921 5.819091419674429E-1
8746 8574 5.994206291385493E-1
8746 8575 6.00626166881133E-1
8746 8745 5.574457231411873E-1
8746 8746 -3.4652674396188012
8746 8747 5.554931348258036E-1
8746 8921 5.747583212073715E-1
8746 8922 5.775234644247562E-1
8747 8575 6.035661422901015E-1
8747 8576 5.878290911724605E-1
8747 8746 5.554931348258036E-1
8747 8747 -3.465003978299064
8747 8748 5.6352531204428E-1
8747 8922 5.778565003901565E-1
8747 8923 5.767337975762614E-1
8748 8576 5.611395858474464E-1
8748 8577 6.367629869509079E-1
8748 8747 5.6352531204428E-1
8748 8748 -3.467129068795771
8748 8749 5.432963006385431E-1
8748 8923 5.810922939096334E-1
8748 8924 5.813125894049609E-1
8749 8577 6.012740382184825E-1
8749 8578 5.720526849783734E-1
8749 8748 5.432963006385431E-1
8749 8749 -3.4659619283845164
8749 8750 5.982600086968852E-1
8749 8924 5.760395291622455E-1
8749 8925 5.750393666899869E-1
8750 8578 5.278224745228404E-1
8750 8579 6.095440716008252E-1
8750 8749 5.982600086968852E-1
8750 8750 -3.465916270722769
8750 8751 5.792330084155238E-1
8750 8925 5.775435978220151E-1
8750 8926 5.735131096646793E-1
8751 8579 5.174969464405194E-1
8751 8750 5.792330084155238E-1
8751 8751 -3.46873849196428
8751 8752 6.53410356282602E-1
8751 8926 5.791332012630493E-1
8751 8927 5.812507395612444E-1
8751 8928 5.582142400013416E-1
8752 8579 5.579469925922564E-1
8752 8580 4.511392242874634E-1
8752 8751 6.53410356282602E-1
8752 8752 -3.545665905362992
8752 8753 8.9105765364186E-1
8752 8928 6.133293721611528E-1
8752 8929 3.787823063976572E-1
8753 8580 5.35926070747619E-1
8753 8581 8.357576856822158E-1
8753 8752 8.9105765364186E-1
8753 8753 -3.709156790015943
8753 8754 9.078342176042526E-1
8753 8929 5.385811623399959E-1
8754 8581 7.159489479590714E-2
8754 8753 9.078342176042526E-1
8754 8754 -1.777743554629089
8754 8929 5.098285545910894E-1
8754 8930 2.884858876378397E-1
8911 8911 -1.7333590302878663
8911 8912 4.0969159355637047E-1
8911 9087 1.8055485342926858E-1
8911 9088 6.882742112841409E-1
8911 9089 4.548383720180863E-1
8912 8737 2.7145301899833524E-1
8912 8911 4.0969159355637047E-1
8912 8912 -1.7298556698904997
8912 8913 6.641517612483893E-1
8912 9089 3.845592960874047E-1
8913 8737 5.464981142790388E-1
8913 8912 6.641517612483893E-1
8913 8913 -3.50905610028542
8913 8914 5.528238045661662E-1
8913 8966 5.917758563105286E-1
8913 9089 5.000960302965642E-1
8913 9090 6.537105335847331E-1
8914 8739 3.8299177368543214E-1
8914 8913 5.528238045661662E-1
8914 8914 -3.5311331921368994
8914 8915 7.331675018608201E-1
8914 8966 7.934245826542718E-1
8914 9090 5.479031830432985E-1
8914 9091 5.208223463269108E-1
8915 8739 4.392383011907814E-1
8915 8740 6.959127345500751E-1
8915 8914 7.331675018608201E-1
8915 8915 -3.4974314142391285
8915 8916 6.137629734063239E-1
8915 9091 5.421861715934442E-1
8915 9092 4.731637316376841E-1
8916 8740 5.04799780787059E-1
8916 8741 6.016941080473109E-1
8916 8915 6.137629734063239E-1
8916 8916 -3.469109044608577
8916 8917 5.574508543121438E-1
8916 9092 6.17947700058116E-1
8916 9093 5.734536279976232E-1
8917 8741 6.093930677145909E-1
8917 8742 5.65681433892478E-1
8917 8916 5.574508543121438E-1
8917 8917 -3.465034646794759
8917 8918 5.786286923869934E-1
8917 9093 5.775689357960212E-1
8917 9094 5.763116626925312E-1
8918 8742 5.70995316415974E-1
8918 8743 5.855788712337885E-1
8918 8917 5.786286923869934E-1
8918 8918 -3.464170956371636
8918 8919 5.744976933119719E-1
8918 9094 5.787897137047078E-1
8918 9095 5.756806693182006E-1
8919 8743 5.729661599260758E-1
8919 8744 5.876279223935381E-1
8919 8918 5.744976933119719E-1
8919 8919 -3.4642068681005616
8919 8920 5.693904254993863E-1
8919 9095 5.816544441810736E-1
8919 9096 5.780702227885166E-1
8920 8744 5.833502910311793E-1
8920 8745 5.818928398713623E-1
8920 8919 5.693904254993863E-1
8920 8920 -3.4641732061308055
8920 8921 5.736001788137979E-1
8920 9096 5.780388526779457E-1
8920 9097 5.779006182371335E-1
8921 8745 5.819091419674429E-1
8921 8746 5.747583212073715E-1
8921 8920 5.736001788137979E-1
8921 8921 -3.4641248015868897
8921 8922 5.772130196866552E-1
8921 9097 5.783607839305287E-1
8921 9098 5.782833559810934E-1
8922 8746 5.775234644247562E-1
8922 8747 5.778565003901565E-1
8922 8921 5.772130196866552E-1
8922 8922 -3.4641022645342003
8922 8923 5.769234692643013E-1
8922 9098 5.771369809221782E-1
8922 9099 5.774488298461526E-1
8923 8747 5.767337975762614E-1
8923 8748 5.810922939096334E-1
8923 8922 5.769234692643013E-1
8923 8923 -3.4641150777638123
8923 8924 5.747137429855604E-1
8923 9099 5.772954083470034E-1
8923 9100 5.773563656810523E-1
8924 8748 5.813125894049609E-1
8924 8749 5.760395291622455E-1
8924 8923 5.747137429855604E-1
8924 8924 -3.4641166718974477
8924 8925 5.773502729187415E-1
8924 9100 5.773502681990594E-1
8924 9101 5.7735026922688E-1
8925 8749 5.750393666899869E-1
8925 8750 5.775435978220151E-1
8925 8924 5.773502729187415E-1
8925 8925 -3.4641141974360528
8925 8926 5.800624158645225E-1
8925 9101 5.772280900868322E-1
8925 9102 5.768904540539546E-1
8926 8750 5.735131096646793E-1
8926 8751 5.791332012630493E-1
8926 8925 5.800624158645225E-1
8926 8926 -3.4641288771445105
8926 8927 5.787627213816713E-1
8926 9102 5.777453238744341E-1
8926 9103 5.749121050961541E-1
8927 8751 5.812507395612444E-1
8927 8926 5.787627213816713E-1
8927 8927 -3.464332283261715
8927 8928 5.645083128599861E-1
8927 9103 5.79766445372776E-1
8927 9104 5.694806166141795E-1
8927 9105 5.905634474718581E-1
8928 8751 5.582142400013416E-1
8928 8752 6.133293721611528E-1
8928 8927 5.645083128599861E-1
8928 8928 -3.469433333030264
8928 8929 5.511685719998932E-1
8928 9105 5.577089106759094E-1
8928 9106 6.245039253319805E-1
8929 8752 3.787823063976572E-1
8929 8753 5.385811623399959E-1
8929 8754 5.098285545910894E-1
8929 8928 5.511685719998932E-1
8929 8929 -3.396945122450918
8929 8930 4.621991769898388E-1
8929 9106 4.425270311787667E-1
8929 9107 5.138583189536767E-1
8930 8754 2.884858876378397E-1
8930 8929 4.621991769898388E-1
8930 8930 -1.748137197748846
8930 9107 8.599987479060252E-1
8930 9108 1.374533852151424E-1
8966 8737 8.251110681311188E-1
8966 8738 8.053054405622357E-1
8966 8739 6.444538703789597E-1
8966 8913 5.917758563105286E-1
8966 8914 7.934245826542718E-1
8966 8966 -3.6600708180371146
9086 9086 -1.6899231416264473
9086 9087 2.493882240836977E-1
9086 9261 2.635286536071871E-1
9086 9262 6.170631106543725E-1
9086 9263 5.599431532811898E-1
9087 8911 1.8055485342926858E-1
9087 9086 2.493882240836977E-1
9087 9087 -1.721355235277768
9087 9088 7.613095298789194E-1
9087 9263 5.301026278858821E-1
9088 8911 6.882742112841409E-1
9088 9087 7.613095298789194E-1
9088 9088 -3.669488978850551
9088 9089 8.066128091819161E-1
9088 9263 6.89657951433798E-1
9088 9264 7.236344770717766E-1
9089 8911 4.548383720180863E-1
9089 8912 3.845592960874047E-1
9089 8913 5.000960302965642E-1
9089 9088 8.066128091819161E-1
9089 9089 -3.4627216927019653
9089 9090 5.410634193339503E-1
9089 9264 2.2369293113718824E-1
9089 9265 5.518588346468557E-1
9090 8913 6.537105335847331E-1
9090 8914 5.479031830432985E-1
9090 9089 5.410634193339503E-1
9090 9090 -3.486721933413386
9090 9091 6.869550241830721E-1
9090 9265 5.433065289611747E-1
9090 9266 5.137832443071573E-1
9091 8914 5.208223463269108E-1
9091 8915 5.421861715934442E-1
9091 9090 6.869550241830721E-1
9091 9091 -3.4760945250223867
9091 9092 6.511334143968577E-1
9091 9266 5.433675778180456E-1
9091 9267 5.316299907040568E-1
9092 8915 4.731637316376841E-1
9092 8916 6.17947700058116E-1
9092 9091 6.511334143968577E-1
9092 9092 -3.472814691326818
9092 9093 5.786878959418202E-1
9092 9267 5.829960749288245E-1
9092 9268 5.688858743635155E-1
9093 8916 5.734536279976232E-1
9093 8917 5.775689357960212E-1
9093 9092 5.786878959418202E-1
9093 9093 -3.4641358629941372
9093 9094 5.775032588479012E-1
9093 9268 5.797719498872442E-1
9093 9269 5.771501945235269E-1
9094 8917 5.763116626925312E-1
9094 8918 5.787897137047078E-1
9094 9093 5.775032588479012E-1
9094 9094 -3.4641038235267843
9094 9095 5.763993126821019E-1
9094 9269 5.776835116102892E-1
9094 9270 5.774163639892531E-1
9095 8918 5.756806693182006E-1
9095 8919 5.816544441810736E-1
9095 9094 5.763993126821019E-1
9095 9095 -3.464114105653954
9095 9096 5.75980296746742E-1
9095 9270 5.774172813955274E-1
9095 9271 5.769821013303084E-1
9096 8919 5.780702227885166E-1
9096 8920 5.780388526779457E-1
9096 9095 5.75980296746742E-1
9096 9096 -3.464106542925295
9096 9097 5.764130562507854E-1
9096 9271 5.780198734968225E-1
9096 9272 5.775842409644831E-1
9097 8920 5.779006182371335E-1
9097 8921 5.783607839305287E-1
9097 9096 5.764130562507854E-1
9097 9097 -3.4641030489446454
9097 9098 5.766679262447345E-1
9097 9272 5.774175067276064E-1
9097 9273 5.77343157553857E-1
9098 8921 5.782833559810934E-1
9098 8922 5.771369809221782E-1
9098 9097 5.766679262447345E-1
9098 9098 -3.464102493311477
9098 9099 5.772771145188641E-1
9098 9273 5.773716057047777E-1
9098 9274 5.773655099398289E-1
9099 8922 5.774488298461526E-1
9099 8923 5.772954083470034E-1
9099 9098 5.772771145188641E-1
9099 9099 -3.464101625140188
9099 9100 5.773502692059291E-1
9099 9274 5.77361445456606E-1
9099 9275 5.773685577656329E-1
9100 8923 5.773563656810523E-1
9100 8924 5.773502681990594E-1
9100 9099 5.773502692059291E-1
9100 9100 -3.464101615266489
9100 9101 5.773502698432584E-1
9100 9275 5.773441731293187E-1
9100 9276 5.773502692078711E-1
9101 8924 5.7735026922688E-1
9101 8925 5.772280900868322E-1
9101 9100 5.773502698432584E-1
9101 9101 -3.4641016585335365
9101 9102 5.77573101027502E-1
9101 9276 5.77350269240386E-1
9101 9277 5.772496591086776E-1
9102 8925 5.768904540539546E-1
9102 8926 5.777453238744341E-1
9102 9101 5.77573101027502E-1
9102 9102 -3.4641022535105934
9102 9103 5.772575081462084E-1
9102 9277 5.774293180255825E-1
9102 9278 5.77206548382912E-1
9103 8926 5.749121050961541E-1
9103 8927 5.79766445372776E-1
9103 9102 5.772575081462084E-1
9103 9103 -3.4641139272771193
9103 9104 5.795273185316523E-1
9103 9278 5.774724364833174E-1
9103 9279 5.751781136470119E-1
9104 8927 5.694806166141795E-1
9104 9103 5.795273185316523E-1
9104 9104 -3.4641778679312094
9104 9105 5.846999563884961E-1
9104 9279 5.801375562717661E-1
9104 9280 5.724019654229466E-1
9104 9281 5.779304547021684E-1
9105 8927 5.905634474718581E-1
9105 8928 5.577089106759094E-1
9105 9104 5.846999563884961E-1
9105 9105 -3.466073830520588
9105 9106 5.893542336835167E-1
9105 9281 5.40464114020367E-1
9105 9282 6.032831682804407E-1
9106 8928 6.245039253319805E-1
9106 8929 4.425270311787667E-1
9106 9105 5.893542336835167E-1
9106 9106 -3.550926294506091
9106 9107 9.070961417856345E-1
9106 9282 6.35054534074623E-1
9106 9283 3.5239042845156976E-1
9107 8929 5.138583189536767E-1
9107 8930 8.599987479060252E-1
9107 9106 9.070961417856345E-1
9107 9107 -3.687047718882684
9107 9108 7.766752605320894E-1
9107 9283 6.294192497052581E-1
9108 8930 1.374533852151424E-1
9108 9107 7.766752605320894E-1
9108 9108 -1.737851513561592
9108 9283 4.8035192201332577E-1
9108 9284 3.4337094580103444E-1
9260 9260 -1.6870320266752512
9260 9261 2.8519898311473696E-1
9260 9437 2.7871001776877447E-1
9260 9438 5.484395514935081E-1
9260 9439 5.74683474298232E-1
9261 9086 2.635286536071871E-1
9261 9260 2.8519898311473696E-1
9261 9261 -1.6872367932757513
9261 9262 5.702156987881138E-1
9261 9439 5.682934577657134E-1
9262 9086 6.170631106543725E-1
9262 9261 5.702156987881138E-1
9262 9262 -3.4683207332294295
9262 9263 6.08148771037036E-1
9262 9439 5.831082659809104E-1
9262 9440 5.797515114007251E-1
9262 9441 5.100333753682711E-1
9263 9086 5.599431532811898E-1
9263 9087 5.301026278858821E-1
9263 9088 6.89657951433798E-1
9263 9262 6.08148771037036E-1
9263 9263 -3.4837103043981563
9263 9264 4.9085254846008036E-1
9263 9441 6.050052523001701E-1
9264 9088 7.236344770717766E-1
9264 9089 2.2369293113718824E-1
9264 9263 4.9085254846008036E-1
9264 9264 -3.601731799600294
9264 9265 6.437493626581525E-1
9264 9441 7.18305781298975E-1
9264 9442 8.014966989741216E-1
9265 9089 5.518588346468557E-1
9265 9090 5.433065289611747E-1
9265 9264 6.437493626581525E-1
9265 9265 -3.496845093261189
9265 9266 6.56487532283196E-1
9265 9442 4.866397773649189E-1
9265 9443 6.14803057346891E-1
9266 9090 5.137832443071573E-1
9266 9091 5.433675778180456E-1
9266 9265 6.56487532283196E-1
9266 9266 -3.473871959780821
9266 9267 6.136223048767251E-1
9266 9443 5.692612384887222E-1
9266 9444 5.773500620069749E-1
9267 9091 5.316299907040568E-1
9267 9092 5.829960749288245E-1
9267 9266 6.136223048767251E-1
9267 9267 -3.4664164895035987
9267 9268 5.834675788242204E-1
9267 9444 5.773502679128661E-1
9267 9445 5.773502722569059E-1
9268 9092 5.688858743635155E-1
9268 9093 5.797719498872442E-1
9268 9267 5.834675788242204E-1
9268 9268 -3.464176212557179
9268 9269 5.773502700122E-1
9268 9445 5.773502694748307E-1
9268 9446 5.773502699951687E-1
9269 9093 5.771501945235269E-1
9269 9094 5.776835116102892E-1
9269 9268 5.773502700122E-1
9269 9269 -3.4641017151674043
9269 9270 5.772172006384684E-1
9269 9446 5.773502692142591E-1
9269 9447 5.773502691686608E-1
9270 9094 5.774163639892531E-1
9270 9095 5.774172813955274E-1
9270 9269 5.772172006384684E-1
9270 9270 -3.4641016535838545
9270 9271 5.773502692140806E-1
9270 9447 5.773502692404003E-1
9270 9448 5.77350269106125E-1
9271 9095 5.769821013303084E-1
9271 9096 5.780198734968225E-1
9271 9270 5.773502692140806E-1
9271 9271 -3.464102007107591
9271 9272 5.770492247699053E-1
9271 9448 5.773502691881179E-1
9271 9449 5.773502691083561E-1
9272 9096 5.775842409644831E-1
9272 9097 5.774175067276064E-1
9272 9271 5.770492247699053E-1
9272 9272 -3.4641017799259983
9272 9273 5.773502691466013E-1
9272 9449 5.773502690868109E-1
9272 9450 5.773502692305914E-1
9273 9097 5.77343157553857E-1
9273 9098 5.773716057047777E-1
9273 9272 5.773502691466013E-1
9273 9273 -3.4641016155758106
9273 9274 5.773360448098187E-1
9273 9450 5.773502690644446E-1
9273 9451 5.773502692963113E-1
9274 9098 5.773655099398289E-1
9274 9099 5.77361445456606E-1
9274 9273 5.773360448098187E-1
9274 9274 -3.464101615597275
9274 9275 5.773380770405325E-1
9274 9451 5.77350269066117E-1
9274 9452 5.773502692843718E-1
9275 9099 5.773685577656329E-1
9275 9100 5.773441731293187E-1
9275 9274 5.773380770405325E-1
9275 9275 -3.4641016154595934
9275 9276 5.773502692324928E-1
9275 9452 5.773502691315249E-1
9275 9453 5.773502691600918E-1
9276 9100 5.773502692078711E-1
9276 9101 5.77350269240386E-1
9276 9275 5.773502692324928E-1
9276 9276 -3.464101615137755
9276 9277 5.773502690813561E-1
9276 9453 5.773502692457324E-1
9276 9454 5.773502691299164E-1
9277 9101 5.772496591086776E-1
9277 9102 5.774293180255825E-1
9277 9276 5.773502690813561E-1
9277 9277 -3.4641016334762957
9277 9278 5.773718485897533E-1
9277 9454 5.773502692447237E-1
9277 9455 5.773502694262027E-1
9278 9102 5.77206548382912E-1
9278 9103 5.774724364833174E-1
9278 9277 5.773718485897533E-1
9278 9278 -3.4641016417941666
9278 9279 5.773502704413653E-1
9278 9455 5.773502688326468E-1
9278 9456 5.773502690641719E-1
9279 9103 5.751781136470119E-1
9279 9104 5.801375562717661E-1
9279 9278 5.773502704413653E-1
9279 9279 -3.4641107140863037
9279 9280 5.779616361451044E-1
9279 9456 5.773502687424772E-1
9279 9457 5.761328688385787E-1
9280 9104 5.724019654229466E-1
9280 9279 5.779616361451044E-1
9280 9280 -3.4641483154411015
9280 9281 5.842020397144299E-1
9280 9457 5.791970027346054E-1
9280 9458 5.773868844004707E-1
9280 9459 5.729987870235443E-1
9281 9104 5.779304547021684E-1
9281 9105 5.40464114020367E-1
9281 9280 5.842020397144299E-1
9281 9281 -3.466753248900476
9281 9282 6.198565074139168E-1
9281 9459 5.474035950089073E-1
9281 9460 5.968965380406865E-1
9282 9105 6.032831682804407E-1
9282 9106 6.35054534074623E-1
9282 9281 6.198565074139168E-1
9282 9282 -3.5265596090509135
9282 9283 4.7163529348714683E-1
9282 9460 3.8537568980688813E-1
9282 9461 8.113544159878974E-1
9283 9106 3.5239042845156976E-1
9283 9107 6.294192497052581E-1
9283 9108 4.8035192201332577E-1
9283 9282 4.7163529348714683E-1
9283 9283 -3.4162482677868606
9283 9284 4.378224013395311E-1
9283 9461 5.941330283952901E-1
9283 9462 4.5049594439473933E-1
9284 9108 3.4337094580103444E-1
9284 9283 4.378224013395311E-1
9284 9284 -1.7028221980102423
9284 9462 6.567999941266449E-1
9284 9463 2.648288567430317E-1
9437 9260 2.7871001776877447E-1
9437 9437 -1.6920937904761497
9437 9438 6.423813846210984E-1
9437 9529 2.813194919401311E-1
9437 9530 4.896828961461459E-1
9438 9260 5.484395514935081E-1
9438 9437 6.423813846210984E-1
9438 9438 -3.470146178016549
9438 9439 6.157389482434843E-1
9438 9530 5.413762076804964E-1
9438 9531 5.160577309380405E-1
9438 9532 6.061523550399208E-1
9439 9260 5.74683474298232E-1
9439 9261 5.682934577657134E-1
9439 9262 5.831082659809104E-1
9439 9438 6.157389482434843E-1
9439 9439 -3.465367493349694
9439 9440 5.718118128027254E-1
9439 9532 5.517315342586289E-1
9440 9262 5.797515114007251E-1
9440 9439 5.718118128027254E-1
9440 9440 -3.4666936648086857
9440 9441 6.257041170969091E-1
9440 9532 5.84907113849322E-1
9440 9533 5.695202343140242E-1
9440 9534 5.349988753449795E-1
9441 9262 5.100333753682711E-1
9441 9263 6.050052523001701E-1
9441 9264 7.18305781298975E-1
9441 9440 6.257041170969091E-1
9441 9441 -3.4927401071902224
9441 9442 4.1602851463693113E-1
9441 9534 6.176630664889657E-1
9442 9264 8.014966989741216E-1
9442 9265 4.866397773649189E-1
9442 9441 4.1602851463693113E-1
9442 9442 -3.507954917327339
9442 9443 5.702443293346426E-1
9442 9534 6.110790795737513E-1
9442 9535 6.224665174429737E-1
9443 9265 6.14803057346891E-1
9443 9266 5.692612384887222E-1
9443 9442 5.702443293346426E-1
9443 9443 -3.4653702752766886
9443 9444 5.773494291100254E-1
9443 9535 5.529161163168957E-1
9443 9536 5.807961046795116E-1
9444 9266 5.773500620069749E-1
9444 9267 5.773502679128661E-1
9444 9443 5.773494291100254E-1
9444 9444 -3.464101615153199
9444 9445 5.77348492528502E-1
9444 9536 5.773484119923415E-1
9444 9537 5.77354951602489E-1
9445 9267 5.773502722569059E-1
9445 9268 5.773502694748307E-1
9445 9444 5.77348492528502E-1
9445 9445 -3.4641016151443838
9445 9446 5.773502642476476E-1
9445 9537 5.77351217596215E-1
9445 9538 5.773510990402818E-1
9446 9268 5.773502699951687E-1
9446 9269 5.773502692142591E-1
9446 9445 5.773502642476476E-1
9446 9446 -3.4641016151377553
9446 9447 5.773502690452352E-1
9446 9538 5.773502704055659E-1
9446 9539 5.773502722298782E-1
9447 9269 5.773502691686608E-1
9447 9270 5.773502692404003E-1
9447 9446 5.773502690452352E-1
9447 9447 -3.4641016151377544
9447 9448 5.7735026946986E-1
9447 9539 5.773502693261975E-1
9447 9540 5.773502688874006E-1
9448 9270 5.77350269106125E-1
9448 9271 5.773502691881179E-1
9448 9447 5.7735026946986E-1
9448 9448 -3.464101615137755
9448 9449 5.773502694781536E-1
9448 9540 5.773502692376833E-1
9448 9541 5.773502686578149E-1
9449 9271 5.773502691083561E-1
9449 9272 5.773502690868109E-1
9449 9448 5.773502694781536E-1
9449 9449 -3.4641016151377544
9449 9450 5.773502693679675E-1
9449 9541 5.773502689995509E-1
9449 9542 5.773502690969154E-1
9450 9272 5.773502692305914E-1
9450 9273 5.773502690644446E-1
9450 9449 5.773502693679675E-1
9450 9450 -3.4641016151377544
9450 9451 5.773502692576062E-1
9450 9542 5.773502690837993E-1
9450 9543 5.773502691333454E-1
9451 9273 5.773502692963113E-1
9451 9274 5.77350269066117E-1
9451 9450 5.773502692576062E-1
9451 9451 -3.4641016151377544
9451 9452 5.773502691613701E-1
9451 9543 5.773502691985655E-1
9451 9544 5.773502691577843E-1
9452 9274 5.773502692843718E-1
9452 9275 5.773502691315249E-1
9452 9451 5.773502691613701E-1
9452 9452 -3.4641016151377544
9452 9453 5.773502691779682E-1
9452 9544 5.773502692254395E-1
9452 9545 5.773502691570801E-1
9453 9275 5.773502691600918E-1
9453 9276 5.773502692457324E-1
9453 9452 5.773502691779682E-1
9453 9453 -3.464101615137755
9453 9454 5.77350269220211E-1
9453 9545 5.773502691942851E-1
9453 9546 5.773502691394661E-1
9454 9276 5.773502691299164E-1
9454 9277 5.773502692447237E-1
9454 9453 5.77350269220211E-1
9454 9454 -3.464101615137755
9454 9455 5.773502691681747E-1
9454 9546 5.773502691928141E-1
9454 9547 5.77350269181915E-1
9455 9277 5.773502694262027E-1
9455 9278 5.773502688326468E-1
9455 9454 5.773502691681747E-1
9455 9455 -3.464101615137754
9455 9456 5.773502693927255E-1
9455 9547 5.773502691004688E-1
9455 9548 5.773502692175357E-1
9456 9278 5.773502690641719E-1
9456 9279 5.773502687424772E-1
9456 9455 5.773502693927255E-1
9456 9456 -3.464101615137755
9456 9457 5.773502695376411E-1
9456 9548 5.773502691017585E-1
9456 9549 5.773502692989807E-1
9457 9279 5.761328688385787E-1
9457 9280 5.791970027346054E-1
9457 9456 5.773502695376411E-1
9457 9457 -3.464104865298528
9457 9458 5.767241858309775E-1
9457 9549 5.773502691494974E-1
9457 9550 5.77350269207228E-1
9458 9280 5.773868844004707E-1
9458 9457 5.767241858309775E-1
9458 9458 -3.4641028984915816
9458 9459 5.779410205952398E-1
9458 9550 5.773502692969421E-1
9458 9551 5.773502691088421E-1
9458 9552 5.773502692591094E-1
9459 9280 5.729987870235443E-1
9459 9281 5.474035950089073E-1
9459 9458 5.779410205952398E-1
9459 9459 -3.466171065601433
9459 9460 6.276752932364899E-1
9459 9552 5.773502692932685E-1
9459 9553 5.628021004439826E-1
9460 9281 5.968965380406865E-1
9460 9282 3.8537568980688813E-1
9460 9459 6.276752932364899E-1
9460 9460 -3.531540623473172
9460 9461 8.399085933025645E-1
9460 9553 6.032713354598982E-1
9460 9554 4.7841317362664426E-1
9461 9282 8.113544159878974E-1
9461 9283 5.941330283952901E-1
9461 9460 8.399085933025645E-1
9461 9461 -3.6781049793945817
9461 9462 8.794084353790232E-1
9461 9554 5.533005063298064E-1
9462 9283 4.5049594439473933E-1
9462 9284 6.567999941266449E-1
9462 9461 8.794084353790232E-1
9462 9462 -3.6022486600058805
9462 9463 4.378292004542185E-1
9462 9554 3.305614923031713E-1
9462 9555 8.471535933480832E-1
9463 9284 2.648288567430317E-1
9463 9462 4.378292004542185E-1
9463 9463 -1.7458091158819524
9463 9555 8.373468077340832E-1
9463 9556 2.05804250950619E-1
9529 9437 2.813194919401311E-1
9529 9529 -1.6964399853945817
9529 9530 6.702101384604764E-1
9529 9709 2.185756302200229E-1
9529 9710 5.263347247739512E-1
9530 9437 4.896828961461459E-1
9530 9438 5.413762076804964E-1
9530 9529 6.702101384604764E-1
9530 9530 -3.4815386890421895
9530 9531 7.027177739813546E-1
9530 9710 5.547309830795025E-1
9530 9711 5.228206896942137E-1
9531 9438 5.160577309380405E-1
9531 9530 7.027177739813546E-1
9531 9531 -3.4763681732514917
9531 9532 5.773894315845005E-1
9531 9711 5.504118940174059E-1
9531 9712 5.105357210981762E-1
9531 9713 6.192556216320142E-1
9532 9438 6.061523550399208E-1
9532 9439 5.517315342586289E-1
9532 9440 5.84907113849322E-1
9532 9531 5.773894315845005E-1
9532 9532 -3.4651550587503297
9532 9533 5.825428473049092E-1
9532 9713 5.624317767130484E-1
9533 9440 5.695202343140242E-1
9533 9532 5.825428473049092E-1
9533 9533 -3.464189776169693
9533 9534 5.850192946819099E-1
9533 9713 5.766099793981541E-1
9533 9714 5.755107593807296E-1
9533 9715 5.749866610899662E-1
9534 9440 5.349988753449795E-1
9534 9441 6.176630664889657E-1
9534 9442 6.110790795737513E-1
9534 9533 5.850192946819099E-1
9534 9534 -3.467512752806904
9534 9535 5.41558313885504E-1
9534 9715 5.77194122831793E-1
9535 9442 6.224665174429737E-1
9535 9443 5.529161163168957E-1
9535 9534 5.41558313885504E-1
9535 9535 -3.4663865907896674
9535 9536 5.765114896579735E-1
9535 9715 5.866281990540841E-1
9535 9716 5.863059544322362E-1
9536 9443 5.807961046795116E-1
9536 9444 5.773484119923415E-1
9536 9535 5.765114896579735E-1
9536 9536 -3.4641343084506997
9536 9537 5.773441201175631E-1
9536 9716 5.74748667685972E-1
9536 9717 5.773855143173379E-1
9537 9444 5.77354951602489E-1
9537 9445 5.77351217596215E-1
9537 9536 5.773441201175631E-1
9537 9537 -3.464101615252195
9537 9538 5.773451567075335E-1
9537 9717 5.77352254171279E-1
9537 9718 5.773539150571152E-1
9538 9445 5.773510990402818E-1
9538 9446 5.773502704055659E-1
9538 9537 5.773451567075335E-1
9538 9538 -3.4641016151551174
9538 9539 5.773499193305556E-1
9538 9718 5.773532392090561E-1
9538 9719 5.773519304621244E-1
9539 9446 5.773502722298782E-1
9539 9447 5.773502693261975E-1
9539 9538 5.773499193305556E-1
9539 9539 -3.4641016151380075
9539 9540 5.773502697757346E-1
9539 9719 5.773504517882855E-1
9539 9720 5.773504326873564E-1
9540 9447 5.773502688874006E-1
9540 9448 5.773502692376833E-1
9540 9539 5.773502697757346E-1
9540 9540 -3.4641016151377544
9540 9541 5.773502701400246E-1
9540 9720 5.773502696168089E-1
9540 9721 5.773502674801025E-1
9541 9448 5.773502686578149E-1
9541 9449 5.773502689995509E-1
9541 9540 5.773502701400246E-1
9541 9541 -3.464101615137755
9541 9542 5.773502694411146E-1
9541 9721 5.773502690641068E-1
9541 9722 5.77350268835143E-1
9542 9449 5.773502690969154E-1
9542 9450 5.773502690837993E-1
9542 9541 5.773502694411146E-1
9542 9542 -3.4641016151377544
9542 9543 5.773502693050163E-1
9542 9722 5.773502690310225E-1
9542 9723 5.773502691798864E-1
9543 9450 5.773502691333454E-1
9543 9451 5.773502691985655E-1
9543 9542 5.773502693050163E-1
9543 9543 -3.464101615137755
9543 9544 5.773502691413339E-1
9543 9723 5.773502691278836E-1
9543 9724 5.773502692316101E-1
9544 9451 5.773502691577843E-1
9544 9452 5.773502692254395E-1
9544 9543 5.773502691413339E-1
9544 9544 -3.464101615137754
9544 9545 5.773502690879824E-1
9544 9724 5.773502692118204E-1
9544 9725 5.773502693133936E-1
9545 9452 5.773502691570801E-1
9545 9453 5.773502691942851E-1
9545 9544 5.773502690879824E-1
9545 9545 -3.4641016151377544
9545 9546 5.773502692175512E-1
9545 9725 5.773502693092214E-1
9545 9726 5.773502691716341E-1
9546 9453 5.773502691394661E-1
9546 9454 5.773502691928141E-1
9546 9545 5.773502692175512E-1
9546 9546 -3.4641016151377544
9546 9547 5.773502692136225E-1
9546 9726 5.773502692463776E-1
9546 9727 5.773502691279235E-1
9547 9454 5.77350269181915E-1
9547 9455 5.773502691004688E-1
9547 9546 5.773502692136225E-1
9547 9547 -3.464101615137755
9547 9548 5.773502692528603E-1
9547 9727 5.773502692003152E-1
9547 9728 5.773502691885728E-1
9548 9455 5.773502692175357E-1
9548 9456 5.773502691017585E-1
9548 9547 5.773502692528603E-1
9548 9548 -3.4641016151377535
9548 9549 5.773502692051551E-1
9548 9728 5.773502691262244E-1
9548 9729 5.773502692342198E-1
9549 9456 5.773502692989807E-1
9549 9457 5.773502691494974E-1
9549 9548 5.773502692051551E-1
9549 9549 -3.4641016151377544
9549 9550 5.77350269045291E-1
9549 9729 5.773502691323045E-1
9549 9730 5.773502693065263E-1
9550 9457 5.77350269207228E-1
9550 9458 5.773502692969421E-1
9550 9549 5.77350269045291E-1
9550 9550 -3.4641016151377553
9550 9551 5.773502689831229E-1
9550 9730 5.773502693590129E-1
9550 9731 5.773502692461578E-1
9551 9458 5.773502691088421E-1
9551 9550 5.773502689831229E-1
9551 9551 -3.464101615137755
9551 9552 5.773502692336872E-1
9551 9731 5.773502692884698E-1
9551 9732 5.773502696180479E-1
9551 9733 5.773502689055845E-1
9552 9458 5.773502692591094E-1
9552 9459 5.773502692932685E-1
9552 9551 5.773502692336872E-1
9552 9552 -3.464206841187398
9552 9553 5.6994177166568E-1
9552 9733 5.749907109229625E-1
9552 9734 5.872235508126902E-1
9553 9459 5.628021004439826E-1
9553 9460 6.032713354598982E-1
9553 9552 5.6994177166568E-1
9553 9553 -3.480645849302625
9553 9554 4.5883264409760816E-1
9553 9734 5.772638554459768E-1
9553 9735 7.085341421894793E-1
9554 9460 4.7841317362664426E-1
9554 9461 5.533005063298064E-1
9554 9462 3.305614923031713E-1
9554 9553 4.5883264409760816E-1
9554 9554 -3.4210827998992244
9554 9555 6.706033620387737E-1
9554 9735 5.562205750533301E-1
9554 9736 3.7315104644989017E-1
9555 9462 8.471535933480832E-1
9555 9463 8.373468077340832E-1
9555 9554 6.706033620387737E-1
9555 9555 -3.708896970742213
9555 9556 4.3879214940666583E-1
9555 9736 9.150010582146074E-1
9556 9463 2.05804250950619E-1
9556 9555 4.3879214940666583E-1
9556 9556 -1.735058002693314
9556 9736 6.885428142707801E-1
9556 9737 4.019187880652493E-1
9709 9529 2.185756302200229E-1
9709 9709 -1.7453193784267578
9709 9710 6.64769006953073E-1
9709 9892 1.1125674851869738E-1
9709 9893 7.507179927349643E-1
9710 9529 5.263347247739512E-1
9710 9530 5.547309830795025E-1
9710 9709 6.64769006953073E-1
9710 9710 -3.4990589899508397
9710 9711 6.836595732102762E-1
9710 9893 6.230078290033704E-1
9710 9894 4.46556872930666E-1
9711 9530 5.228206896942137E-1
9711 9531 5.504118940174059E-1
9711 9710 6.836595732102762E-1
9711 9711 -3.4754094589063436
9711 9712 6.469270801537255E-1
9711 9894 5.196523802551769E-1
9711 9895 5.519378415755454E-1
9712 9531 5.105357210981762E-1
9712 9711 6.469270801537255E-1
9712 9712 -3.470661135222393
9712 9713 5.701368322902722E-1
9712 9895 5.22501875705526E-1
9712 9896 6.070299063036464E-1
9712 9897 6.135297196710472E-1
9713 9531 6.192556216320142E-1
9713 9532 5.624317767130484E-1
9713 9533 5.766099793981541E-1
9713 9712 5.701368322902722E-1
9713 9713 -3.4653670556078753
9713 9714 5.807274141754675E-1
9713 9897 5.562054313989186E-1
9714 9533 5.755107593807296E-1
9714 9713 5.807274141754675E-1
9714 9714 -3.4641241141301924
9714 9715 5.774958906641432E-1
9714 9897 5.779999518359948E-1
9714 9898 5.747961527024712E-1
9714 9899 5.775939453713859E-1
9715 9533 5.749866610899662E-1
9715 9534 5.77194122831793E-1
9715 9535 5.866281990540841E-1
9715 9714 5.774958906641432E-1
9715 9715 -3.464183710784016
9715 9716 5.709419890840965E-1
9715 9899 5.769368480599325E-1
9716 9535 5.863059544322362E-1
9716 9536 5.74748667685972E-1
9716 9715 5.709419890840965E-1
9716 9716 -3.464182057189891
9716 9717 5.772846936414788E-1
