%%MatrixMarket matrix coordinate real general
%
6714 6714 40352
1 1 -1
1 2 -0
1 3 -0
1 4 -0
2 1 2.3205080756887497E-1
2 2 -1.8146806849773893
2 3 9.268064257231459E-1
2 5 2.7496206596817346E-1
2 6 3.808613857171949E-1
3 1 3.660254037833019E-1
3 2 9.268064257231459E-1
3 3 -3.7623722872009058
3 4 1.0209948383216683
3 6 7.898290690331691E-1
3 7 6.58716550339621E-1
4 1 -0
4 3 -0
4 4 -1
4 7 -0
4 8 -0
5 2 2.7496206596817346E-1
5 5 -1.7338109278930272
5 6 6.243227406242903E-1
5 9 5.516990850435484E-1
5 14 2.828270362570151E-1
6 2 3.808613857171949E-1
6 3 7.898290690331691E-1
6 5 6.243227406242903E-1
6 6 -3.5236775612149445
6 7 5.180154488032567E-1
6 9 6.091646918936019E-1
6 10 6.014842251434318E-1
7 3 6.58716550339621E-1
7 4 2.7203780370449E-1
7 6 5.180154488032567E-1
7 7 -3.4500900898110385
7 8 5.228543161587977E-1
7 10 4.6450955277045813E-1
7 11 3.500446044708684E-1
7 12 6.639118135635467E-1
8 4 -0
8 7 -0
8 8 -1
8 12 -0
8 13 -0
9 5 5.516990850435484E-1
9 6 6.091646918936019E-1
9 9 -3.465828062143497
9 10 5.543671266287031E-1
9 14 5.905964711892494E-1
9 15 5.634654043084844E-1
9 17 5.965352830799098E-1
10 6 6.014842251434318E-1
10 7 4.6450955277045813E-1
10 9 5.543671266287031E-1
10 10 -3.5111543323581924
10 11 8.29677733093199E-1
10 17 6.345232182902698E-1
10 18 4.2659247643213005E-1
11 7 3.500446044708684E-1
11 10 8.29677733093199E-1
11 11 -3.6380716036546272
11 12 8.026706487661918E-1
11 18 3.510491981106569E-1
11 19 9.291246270756639E-1
11 20 3.7550479213804727E-1
12 7 6.639118135635467E-1
12 8 7.605670082228998E-1
12 11 8.026706487661918E-1
12 12 -3.6477962675908104
12 13 7.889089871977512E-1
12 20 6.317378098404215E-1
13 8 -0
13 12 -0
13 13 -1
13 20 -0
13 21 -0
14 5 2.828270362570151E-1
14 9 5.905964711892494E-1
14 14 -1.7321985985972361
14 15 5.701356688757308E-1
14 16 2.88639422275241E-1
15 9 5.634654043084844E-1
15 14 5.701356688757308E-1
15 15 -3.464964077038329
15 16 5.747780417993142E-1
15 17 5.95246743952633E-1
15 22 5.616109427503415E-1
15 23 5.997272753518255E-1
16 14 2.88639422275241E-1
16 15 5.747780417993142E-1
16 16 -1.732068254323249
16 22 5.814000950427833E-1
16 30 2.8725069520591023E-1
17 9 5.965352830799098E-1
17 10 6.345232182902698E-1
17 15 5.95246743952633E-1
17 17 -3.5071008362031386
17 18 5.109390779108383E-1
17 23 4.183410079411951E-1
17 24 7.515155050282925E-1
18 10 4.2659247643213005E-1
18 11 3.510491981106569E-1
18 17 5.109390779108383E-1
18 18 -3.4739334220299445
18 19 6.777388625659196E-1
18 24 6.914886947755287E-1
18 25 2.4079648306898666E-1
18 26 5.753286291658843E-1
19 11 9.291246270756639E-1
19 18 6.777388625659196E-1
19 19 -3.6871967471760727
19 20 5.031852203640376E-1
19 26 7.288803722308035E-1
19 27 8.482676649396481E-1
20 11 3.7550479213804727E-1
20 12 6.317378098404215E-1
20 13 4.827875691169354E-1
20 19 5.031852203640376E-1
20 20 -3.401822483567684
20 21 4.218952948961679E-1
20 27 4.874885718587466E-1
20 28 4.9922322535332736E-1
21 13 -0
21 20 -0
21 21 -1
21 28 -0
21 29 -0
22 15 5.616109427503415E-1
22 16 5.814000950427833E-1
22 22 -3.4648227102518616
22 23 5.819261542249482E-1
22 30 5.598578682857067E-1
22 31 5.909256550683764E-1
22 40 5.89101994879706E-1
23 15 5.997272753518255E-1
23 17 4.183410079411951E-1
23 22 5.819261542249482E-1
23 23 -3.5028400939459714
23 24 7.517438492176838E-1
23 31 5.460569503185991E-1
23 32 6.050448568917199E-1
24 17 7.515155050282925E-1
24 18 6.914886947755287E-1
24 23 7.517438492176838E-1
24 24 -3.658425292764294
24 25 7.807367255539222E-1
24 32 6.829405181888673E-1
25 18 2.4079648306898666E-1
25 24 7.807367255539222E-1
25 25 -3.456922833705085
25 26 6.082547482073497E-1
25 32 3.302165833255675E-1
25 33 4.73697176837123E-1
25 34 4.512473014924234E-1
25 35 5.719738152197127E-1
26 18 5.753286291658843E-1
26 19 7.288803722308035E-1
26 25 6.082547482073497E-1
26 26 -3.512632977122652
26 27 4.097809842899414E-1
26 35 5.941677889501401E-1
26 36 5.962204542785331E-1
27 19 8.482676649396481E-1
27 20 4.874885718587466E-1
27 26 4.097809842899414E-1
27 27 -3.528665557433493
27 28 5.823749148634152E-1
27 36 6.452552560196074E-1
27 37 5.554981654621342E-1
28 20 4.9922322535332736E-1
28 21 6.832939282876158E-1
28 27 5.823749148634152E-1
28 28 -3.483864037501101
28 29 5.412563855246929E-1
28 37 6.549260281026424E-1
28 38 5.227895553694073E-1
29 21 -0
29 28 -0
29 29 -1
29 38 -0
29 39 -0
30 16 2.8725069520591023E-1
30 22 5.598578682857067E-1
30 30 -1.732653339760224
30 40 6.037989452025319E-1
30 41 2.817458310660752E-1
31 22 5.909256550683764E-1
31 23 5.460569503185991E-1
31 31 -3.4903821013338905
31 32 5.883292876901797E-1
31 40 4.7522200107967955E-1
31 42 5.436143323203743E-1
31 51 7.462338748566814E-1
32 23 6.050448568917199E-1
32 24 6.829405181888673E-1
32 25 3.302165833255675E-1
32 31 5.883292876901797E-1
32 32 -3.588876417915065
32 33 9.67488170689563E-1
32 42 4.148570011291677E-1
33 25 4.73697176837123E-1
33 32 9.67488170689563E-1
33 33 -3.7403392065129486
33 34 9.078120023724747E-1
33 42 5.254906348577086E-1
33 43 8.658512217560796E-1
34 25 4.512473014924234E-1
34 33 9.078120023724747E-1
34 34 -3.55261463371832
34 35 5.813050833877498E-1
34 43 3.626429541229554E-1
34 44 6.148885900792892E-1
34 45 6.347187022634275E-1
35 25 5.719738152197127E-1
35 26 5.941677889501401E-1
35 34 5.813050833877498E-1
35 35 -3.466309635030724
35 36 5.639181722319395E-1
35 45 5.700185921596288E-1
35 46 5.849261830815526E-1
36 26 5.962204542785331E-1
36 27 6.452552560196074E-1
36 35 5.639181722319395E-1
36 36 -3.468352250575249
36 37 5.722268737356008E-1
36 46 5.650030646961066E-1
36 47 5.257284296134619E-1
37 27 5.554981654621342E-1
37 28 6.549260281026424E-1
37 36 5.722268737356008E-1
37 37 -3.488331944825066
37 38 6.293048048073131E-1
37 47 6.792168917994476E-1
37 48 3.9715918091792846E-1
38 28 5.227895553694073E-1
38 29 6.540658288734837E-1
38 37 6.293048048073131E-1
38 38 -3.48043421515856
38 39 6.26189930153261E-1
38 48 6.081211980130188E-1
38 49 4.3996289794207666E-1
39 29 -0
39 38 -0
39 39 -1
39 49 -0
39 50 -0
40 22 5.89101994879706E-1
40 30 6.037989452025319E-1
40 31 4.7522200107967955E-1
40 40 -3.4793040174514003
40 41 5.32947781259669E-1
40 51 7.001194130632059E-1
40 52 5.781138819666076E-1
41 30 2.817458310660752E-1
41 40 5.32947781259669E-1
41 41 -1.7349834567434992
41 52 6.367986856978813E-1
41 53 2.834911587198735E-1
42 31 5.436143323203743E-1
42 32 4.148570011291677E-1
42 33 5.254906348577086E-1
42 42 -3.38427912922472
42 43 4.614997576954111E-1
42 51 4.5412842725828173E-1
42 54 5.152254366253282E-1
42 55 4.69463539338449E-1
43 33 8.658512217560796E-1
43 34 3.626429541229554E-1
43 42 4.614997576954111E-1
43 43 -3.542615785732705
43 44 6.251037357961807E-1
43 54 6.195897328908977E-1
43 59 6.079283834711806E-1
44 34 6.148885900792892E-1
44 43 6.251037357961807E-1
44 44 -3.4680111362689177
44 45 5.374724470684069E-1
44 59 5.432928028592063E-1
44 60 5.699209518810242E-1
44 61 5.773326085848104E-1
45 34 6.347187022634275E-1
45 35 5.700185921596288E-1
45 44 5.374724470684069E-1
45 45 -3.4671621654734635
45 46 5.686758580027229E-1
45 61 5.746211833010304E-1
45 62 5.816553826782469E-1
46 35 5.849261830815526E-1
46 36 5.650030646961066E-1
46 45 5.686758580027229E-1
46 46 -3.4648739592471456
46 47 6.07039746297036E-1
46 62 5.739830964548427E-1
46 63 5.652460107148851E-1
47 36 5.257284296134619E-1
47 37 6.792168917994476E-1
47 46 6.07039746297036E-1
47 47 -3.49019147576053
47 48 7.011929578703113E-1
47 63 5.69472094379261E-1
47 64 4.075413558010121E-1
48 37 3.9715918091792846E-1
48 38 6.081211980130188E-1
48 47 7.011929578703113E-1
48 48 -3.5247499447047472
48 49 7.529339914391395E-1
48 64 6.944684031530275E-1
48 65 3.7087421331132175E-1
49 38 4.3996289794207666E-1
49 39 6.008375366792766E-1
49 48 7.529339914391395E-1
49 49 -3.4960418100968447
49 50 6.731862809339859E-1
49 65 5.533485479395789E-1
49 66 4.757725551627866E-1
50 39 -0
50 49 -0
50 50 -1
50 66 -0
50 67 -0
51 31 7.462338748566814E-1
51 40 7.001194130632059E-1
51 42 4.5412842725828173E-1
51 51 -3.536596237442885
51 52 3.875665782319669E-1
51 55 5.875281011672169E-1
51 56 6.610198428655323E-1
52 40 5.781138819666076E-1
52 41 6.367986856978813E-1
52 51 3.875665782319669E-1
52 52 -3.5424351028944296
52 53 5.797352993368956E-1
52 56 8.877810434796107E-1
52 57 4.7243961418146746E-1
53 41 2.834911587198735E-1
53 52 5.797352993368956E-1
53 53 -1.7424506106143136
53 57 5.076605032901482E-1
53 58 3.715636492673964E-1
54 42 5.152254366253282E-1
54 43 6.195897328908977E-1
54 54 -3.474453914225223
54 55 6.447423097761913E-1
54 59 5.709882346128599E-1
54 68 5.435498789161698E-1
54 73 5.803583214037767E-1
55 42 4.69463539338449E-1
55 51 5.875281011672169E-1
55 54 6.447423097761913E-1
55 55 -3.5334846124768857
55 56 7.802562971133203E-1
55 68 6.368713874691033E-1
55 69 4.146229776126047E-1
56 51 6.610198428655323E-1
56 52 8.877810434796107E-1
56 55 7.802562971133203E-1
56 56 -3.684067098253039
56 57 5.138969155571361E-1
56 69 8.411129992374393E-1
57 52 4.7243961418146746E-1
57 53 5.076605032901482E-1
57 56 5.138969155571361E-1
57 57 -3.3843874392110624
57 58 4.5025703560226304E-1
57 69 4.534761671135062E-1
57 70 4.6904809275015363E-1
57 71 5.176091107163873E-1
58 53 3.715636492673964E-1
58 57 4.5025703560226304E-1
58 58 -1.756378204606443
58 71 6.888571932304146E-1
58 72 2.457003265063688E-1
59 43 6.079283834711806E-1
59 44 5.432928028592063E-1
59 54 5.709882346128599E-1
59 59 -3.465717279182407
59 60 5.92001628794099E-1
59 73 5.73618550309025E-1
59 74 5.778876791360361E-1
60 44 5.699209518810242E-1
60 59 5.92001628794099E-1
60 60 -3.4642781870299983
60 61 5.769242924573283E-1
60 74 5.727618486579711E-1
60 75 5.745899174098764E-1
60 76 5.780795478296994E-1
61 44 5.773326085848104E-1
61 45 5.746211833010304E-1
61 60 5.769242924573283E-1
61 61 -3.4641192854226714
61 62 5.804726859811661E-1
61 76 5.753824415064308E-1
61 77 5.793860735919056E-1
62 45 5.816553826782469E-1
62 46 5.739830964548427E-1
62 61 5.804726859811661E-1
62 62 -3.464195704468672
62 63 5.743808323644E-1
62 77 5.690239999939877E-1
62 78 5.846797069960283E-1
63 46 5.652460107148851E-1
63 47 5.69472094379261E-1
63 62 5.743808323644E-1
63 63 -3.4819687177653096
63 64 7.350914751758615E-1
63 78 5.531178469422217E-1
63 79 4.846604581886807E-1
64 47 4.075413558010121E-1
64 48 6.944684031530275E-1
64 63 7.350914751758615E-1
64 64 -3.5111337600598804
64 65 6.308314003078457E-1
64 79 5.433070296688943E-1
64 80 4.998940959532395E-1
65 48 3.7087421331132175E-1
65 49 5.533485479395789E-1
65 64 6.308314003078457E-1
65 65 -3.5322563639937856
65 66 7.369675159853539E-1
65 80 7.445297843655518E-1
65 81 4.9570490208413287E-1
66 49 4.757725551627866E-1
66 50 5.2177291971456E-1
66 65 7.369675159853539E-1
66 66 -3.5035003467745574
66 67 7.135848989890315E-1
66 81 5.296702474270818E-1
66 82 5.257322094957435E-1
67 50 -0
67 66 -0
67 67 -1
67 82 -0
67 83 -0
68 54 5.435498789161698E-1
68 55 6.368713874691033E-1
68 68 -3.4675725164915305
68 69 5.879443016693517E-1
68 73 5.770961435491073E-1
68 84 5.696931215416555E-1
68 85 5.524176833461432E-1
69 55 4.146229776126047E-1
69 56 8.411129992374393E-1
69 57 4.534761671135062E-1
69 68 5.879443016693517E-1
69 69 -3.533336282170376
69 70 6.520871869199051E-1
69 85 5.840926496175691E-1
70 57 4.6904809275015363E-1
70 69 6.520871869199051E-1
70 70 -3.520963319056011
70 71 6.05228755485675E-1
70 85 6.28972380532319E-1
70 86 4.2078859286032333E-1
70 87 7.44838310507635E-1
71 57 5.176091107163873E-1
71 58 6.888571932304146E-1
71 70 6.05228755485675E-1
71 71 -3.50436646672468
71 72 6.52101759310131E-1
71 87 6.044853760423177E-1
71 88 4.360842719397539E-1
72 58 2.457003265063688E-1
72 71 6.52101759310131E-1
72 72 -1.7373058848248606
72 88 5.866373960072627E-1
72 89 2.528664030010981E-1
73 54 5.803583214037767E-1
73 59 5.73618550309025E-1
73 68 5.770961435491073E-1
73 73 -3.4641765190350404
73 74 5.788544228307477E-1
73 84 5.83984290828327E-1
73 90 5.702647901140567E-1
74 59 5.778876791360361E-1
74 60 5.727618486579711E-1
74 73 5.788544228307477E-1
74 74 -3.464151967027847
74 75 5.780400492136593E-1
74 90 5.83181011466094E-1
74 91 5.734269557233385E-1
75 60 5.745899174098764E-1
75 74 5.780400492136593E-1
75 75 -3.4641179822802624
75 76 5.786469666264895E-1
75 91 5.798423102669648E-1
75 92 5.747271354493648E-1
75 93 5.782716033139073E-1
76 60 5.780795478296994E-1
76 61 5.753824415064308E-1
76 75 5.786469666264895E-1
76 76 -3.4641301211740485
76 77 5.765969510676772E-1
76 93 5.734312802524864E-1
76 94 5.819929338912659E-1
77 61 5.793860735919056E-1
77 62 5.690239999939877E-1
77 76 5.765969510676772E-1
77 77 -3.464208604270608
77 78 5.818168946534925E-1
77 94 5.711901676738573E-1
77 95 5.861945172896879E-1
78 62 5.846797069960283E-1
78 63 5.531178469422217E-1
78 77 5.818168946534925E-1
78 78 -3.4673928392655635
78 79 6.326917472884575E-1
78 95 5.717900780630814E-1
78 96 5.432965653222825E-1
79 63 4.846604581886807E-1
79 64 5.433070296688943E-1
79 78 6.326917472884575E-1
79 79 -3.5453964865188925
79 80 8.448645755121449E-1
79 96 6.773473233968254E-1
79 97 3.625253524638896E-1
80 64 4.998940959532395E-1
80 65 7.445297843655518E-1
80 79 8.448645755121449E-1
80 80 -3.673727693585469
80 81 8.12052049438866E-1
80 97 7.723871883156669E-1
81 65 4.9570490208413287E-1
81 66 5.296702474270818E-1
81 80 8.12052049438866E-1
81 81 -3.620991771007319
81 82 5.275367104263835E-1
81 97 2.831750664600276E-1
81 98 9.72852795170827E-1
82 66 5.257322094957435E-1
82 67 3.9138275777965786E-1
82 81 5.275367104263835E-1
82 82 -3.4086609977609004
82 83 5.527348384396835E-1
82 98 5.36041951501398E-1
82 99 3.053491966053777E-1
82 100 5.698833335126565E-1
83 67 -0
83 82 -0
83 83 -1
83 100 -0
83 101 -0
84 68 5.696931215416555E-1
84 73 5.83984290828327E-1
84 84 -3.4641744118633198
84 85 5.760237398066386E-1
84 90 5.788287395516514E-1
84 102 5.73196752933874E-1
84 103 5.824477672011732E-1
85 68 5.524176833461432E-1
85 69 5.840926496175691E-1
85 70 6.28972380532319E-1
85 84 5.760237398066386E-1
85 85 -3.4669951918390627
85 86 5.514676206579245E-1
85 103 5.740211178784683E-1
86 70 4.2078859286032333E-1
86 85 5.514676206579245E-1
86 86 -3.537177338789304
86 87 8.367680008174402E-1
86 103 5.77742121838887E-1
86 104 6.661933024865663E-1
86 105 4.8421770012816273E-1
87 70 7.44838310507635E-1
87 71 6.044853760423177E-1
87 86 8.367680008174402E-1
87 87 -3.6602258719582013
87 88 8.439871757997537E-1
87 105 6.30147008791055E-1
88 71 4.360842719397539E-1
88 72 5.866373960072627E-1
88 87 8.439871757997537E-1
88 88 -3.532989475873927
88 89 6.273075116996114E-1
88 105 4.121637304966433E-1
88 106 6.268093899309022E-1
89 72 2.528664030010981E-1
89 88 6.273075116996114E-1
89 89 -1.7349252000303927
89 106 5.909458160507373E-1
89 107 2.6380546927894605E-1
90 73 5.702647901140567E-1
90 74 5.83181011466094E-1
90 84 5.788287395516514E-1
90 90 -3.464157409256677
90 91 5.774074484999653E-1
90 102 5.816244998696323E-1
90 108 5.728509197552774E-1
91 74 5.734269557233385E-1
91 75 5.798423102669648E-1
91 90 5.774074484999653E-1
91 91 -3.4641172129569346
91 92 5.79071447212414E-1
91 108 5.778940402967117E-1
91 109 5.764750109575408E-1
92 75 5.747271354493648E-1
92 91 5.79071447212414E-1
92 92 -3.4641092380083225
92 93 5.78666250045841E-1
92 109 5.77074635491631E-1
92 110 5.762784924849133E-1
92 111 5.782912773241584E-1
93 75 5.782716033139073E-1
93 76 5.734312802524864E-1
93 92 5.78666250045841E-1
93 93 -3.4641213198477168
93 94 5.78704429454479E-1
93 111 5.75088312487402E-1
93 112 5.799594442936014E-1
94 76 5.819929338912659E-1
94 77 5.711901676738573E-1
94 93 5.78704429454479E-1
94 94 -3.4641502103476434
94 95 5.763111988859593E-1
94 112 5.743964355197673E-1
94 113 5.815550449223146E-1
95 77 5.861945172896879E-1
95 78 5.717900780630814E-1
95 94 5.763111988859593E-1
95 95 -3.4642110794438743
95 96 5.739415350095798E-1
95 113 5.706114460749319E-1
95 114 5.853623041206344E-1
96 78 5.432965653222825E-1
96 79 6.773473233968254E-1
96 95 5.739415350095798E-1
96 96 -3.4763125220764524
96 97 4.8867387385178923E-1
96 114 5.668097246868338E-1
96 115 6.26243499809142E-1
97 79 3.625253524638896E-1
97 80 7.723871883156669E-1
97 81 2.831750664600276E-1
97 96 4.8867387385178923E-1
97 97 -3.445925204008319
97 98 5.126253400652416E-1
97 115 5.444115490236648E-1
97 116 4.821268338280389E-1
98 81 9.72852795170827E-1
98 82 5.36041951501398E-1
98 97 5.126253400652416E-1
98 98 -3.723508068200883
98 99 8.877465150979227E-1
98 116 8.142414663654935E-1
99 82 3.053491966053777E-1
99 98 8.877465150979227E-1
99 99 -3.6772840856486684
99 100 8.186669849463353E-1
99 116 4.594088030828824E-1
99 117 3.253382857961551E-1
99 118 8.80774300119995E-1
100 82 5.698833335126565E-1
100 83 5.572998124526994E-1
100 99 8.186669849463353E-1
100 100 -3.5344331860591414
100 101 7.002037740330789E-1
100 118 3.106657942730895E-1
100 119 5.777134868412814E-1
101 83 -0
101 100 -0
101 101 -1
101 119 -0
101 120 -0
102 84 5.73196752933874E-1
102 90 5.816244998696323E-1
102 102 -3.464125402910377
102 103 5.759463377669392E-1
102 108 5.771132980569442E-1
102 121 5.766223814287879E-1
102 122 5.796221328541997E-1
103 84 5.824477672011732E-1
103 85 5.740211178784683E-1
103 86 5.77742121838887E-1
103 102 5.759463377669392E-1
103 103 -3.464123566712485
103 104 5.768615655599681E-1
103 122 5.771046564670483E-1
104 86 6.661933024865663E-1
104 103 5.768615655599681E-1
104 104 -3.4995734228072157
104 105 3.64610833059915E-1
104 122 5.685812948461015E-1
104 123 6.417805671846445E-1
104 124 6.815458596700199E-1
105 86 4.8421770012816273E-1
105 87 6.30147008791055E-1
105 88 4.121637304966433E-1
105 104 3.64610833059915E-1
105 105 -3.412958522606363
105 106 4.747603856658036E-1
105 124 5.821284633737408E-1
105 125 4.6493040109104283E-1
106 88 6.268093899309022E-1
106 89 5.909458160507373E-1
106 105 4.747603856658036E-1
106 106 -3.484319463577048
106 107 5.903038013158265E-1
106 125 6.764276809448394E-1
106 126 5.250723896689394E-1
107 89 2.6380546927894605E-1
107 106 5.903038013158265E-1
107 107 -1.7347816589997218
107 126 6.262995280056212E-1
107 127 2.543728603993281E-1
108 90 5.728509197552774E-1
108 91 5.778940402967117E-1
108 102 5.771132980569442E-1
108 108 -3.4641183166834137
108 109 5.7839986080233E-1
108 121 5.797500406888008E-1
108 128 5.7811015708335E-1
109 91 5.764750109575408E-1
109 92 5.77074635491631E-1
109 108 5.7839986080233E-1
109 109 -3.464104210763355
109 110 5.784853408568355E-1
109 128 5.770692950746432E-1
109 129 5.766000675803744E-1
110 92 5.762784924849133E-1
110 109 5.784853408568355E-1
110 110 -3.4641085356306087
110 111 5.766675096819471E-1
110 129 5.758106882497777E-1
110 130 5.786793619985183E-1
110 131 5.781871423586169E-1
111 92 5.782912773241584E-1
111 93 5.75088312487402E-1
111 110 5.766675096819471E-1
111 111 -3.4641084332742644
111 112 5.779134008673834E-1
111 131 5.770093415571297E-1
111 132 5.791385913562439E-1
112 93 5.799594442936014E-1
112 94 5.743964355197673E-1
112 111 5.779134008673834E-1
112 112 -3.4641136617442663
112 113 5.779745014342752E-1
112 132 5.74893946607917E-1
112 133 5.78975933021322E-1
113 94 5.815550449223146E-1
113 95 5.706114460749319E-1
113 112 5.779745014342752E-1
113 113 -3.4641422393603056
113 114 5.763292077709931E-1
113 133 5.768340401833072E-1
113 134 5.808379989744842E-1
114 95 5.853623041206344E-1
114 96 5.668097246868338E-1
114 113 5.763292077709931E-1
114 114 -3.4641949936372147
114 115 5.79623502188504E-1
114 134 5.746238021492434E-1
114 135 5.814464527210061E-1
115 96 6.26243499809142E-1
115 97 5.444115490236648E-1
115 114 5.79623502188504E-1
115 115 -3.467065687126474
115 116 5.798186416764297E-1
115 135 5.737789118553628E-1
115 136 5.631895825733704E-1
116 97 4.821268338280389E-1
116 98 8.142414663654935E-1
116 99 4.594088030828824E-1
116 115 5.798186416764297E-1
116 116 -3.5336117636386497
116 117 4.978756078329286E-1
116 136 7.001404108528768E-1
117 99 3.253382857961551E-1
117 116 4.978756078329286E-1
117 117 -3.51360937510768
117 118 9.078123393605472E-1
117 136 4.6355510885600343E-1
117 137 5.60438623763995E-1
117 138 5.636372511413305E-1
117 139 1.9495215835671958E-1
118 99 8.80774300119995E-1
118 100 3.106657942730895E-1
118 117 9.078123393605472E-1
118 118 -3.7634426354831954
118 119 7.529359808739617E-1
118 139 9.112542208556019E-1
119 100 5.777134868412814E-1
119 101 5.207478565628866E-1
119 118 7.529359808739617E-1
119 119 -3.5076552048442373
119 120 6.47458497269362E-1
119 139 4.0751333293405984E-1
119 140 6.01286050362686E-1
120 101 -0
120 119 -0
120 120 -1
120 140 -0
120 141 -0
121 102 5.766223814287879E-1
121 108 5.797500406888008E-1
121 121 -3.4641087256029
121 122 5.764768790669785E-1
121 128 5.759634409990058E-1
121 142 5.770523246851833E-1
121 143 5.782436587341435E-1
122 102 5.796221328541997E-1
122 103 5.771046564670483E-1
122 104 5.685812948461015E-1
122 121 5.764768790669785E-1
122 122 -3.464314255171387
122 123 5.772906167958947E-1
122 143 5.85238675141164E-1
123 104 6.417805671846445E-1
123 122 5.772906167958947E-1
123 123 -3.47348307062293
123 124 4.856578227192412E-1
123 143 5.531858377804347E-1
123 144 5.65453860462082E-1
123 145 6.501143656806332E-1
124 104 6.815458596700199E-1
124 105 5.821284633737408E-1
124 123 4.856578227192412E-1
124 124 -3.489649606969058
124 125 6.775317478908105E-1
124 145 5.027015441604344E-1
124 146 5.600841691548117E-1
125 105 4.6493040109104283E-1
125 106 6.764276809448394E-1
125 124 6.775317478908105E-1
125 125 -3.499637426666947
125 126 5.430925757610063E-1
125 146 5.48895831883727E-1
125 147 5.887591890955206E-1
126 106 5.250723896689394E-1
126 107 6.262995280056212E-1
126 125 5.430925757610063E-1
126 126 -3.528045907286938
126 127 6.894252395474547E-1
126 147 7.709622181449796E-1
126 148 3.7319395615893636E-1
127 107 2.543728603993281E-1
127 126 6.894252395474547E-1
127 127 -1.7543403076393382
127 148 4.468169745951781E-1
127 149 3.637252330973772E-1
128 108 5.7811015708335E-1
128 109 5.770692950746432E-1
128 121 5.759634409990058E-1
128 128 -3.4641045032736186
128 129 5.767997677232388E-1
128 142 5.783826598903427E-1
128 150 5.777791825030381E-1
129 109 5.766000675803744E-1
129 110 5.758106882497777E-1
129 128 5.767997677232388E-1
129 129 -3.4641087894684572
129 130 5.79403330977593E-1
129 150 5.771565357097936E-1
129 151 5.783383992276794E-1
130 110 5.786793619985183E-1
130 129 5.79403330977593E-1
130 130 -3.4641383660421714
130 131 5.756922455376503E-1
130 151 5.722704345170103E-1
130 152 5.821374414714402E-1
130 153 5.759555515399586E-1
131 110 5.781871423586169E-1
131 111 5.770093415571297E-1
131 130 5.756922455376503E-1
131 131 -3.4641138453134666
131 132 5.752793936772953E-1
131 153 5.774766418346617E-1
131 154 5.804690803481131E-1
132 111 5.791385913562439E-1
132 112 5.74893946607917E-1
132 131 5.752793936772953E-1
132 132 -3.4641345188075636
132 133 5.764571775546181E-1
132 154 5.751690847483315E-1
132 155 5.831963248631584E-1
133 112 5.78975933021322E-1
133 113 5.768340401833072E-1
133 132 5.764571775546181E-1
133 133 -3.4641354967147957
133 134 5.741022715922464E-1
133 155 5.740609548471524E-1
133 156 5.8370511951615E-1
134 113 5.808379989744842E-1
134 114 5.746238021492434E-1
134 133 5.741022715922464E-1
134 134 -3.4641303311205527
134 135 5.752897286091669E-1
134 156 5.780844705703615E-1
134 157 5.811920592250501E-1
135 114 5.814464527210061E-1
135 115 5.737789118553628E-1
135 134 5.752897286091669E-1
135 135 -3.464124299301802
135 136 5.774833968657167E-1
135 157 5.780940312156404E-1
135 158 5.780317780349093E-1
136 115 5.631895825733704E-1
136 116 7.001404108528768E-1
136 117 4.6355510885600343E-1
136 135 5.774833968657167E-1
136 136 -3.4787325906519335
136 137 5.982032853321322E-1
136 158 5.761608061718337E-1
137 117 5.60438623763995E-1
137 136 5.982032853321322E-1
137 137 -3.5127242415729567
137 138 7.821893523137015E-1
137 158 5.776576429731615E-1
137 159 5.784279042329177E-1
137 160 4.158074329570491E-1
138 117 5.636372511413305E-1
138 137 7.821893523137015E-1
138 138 -3.720936923468214
138 139 9.861923238439985E-1
138 160 8.866302880980694E-1
138 161 5.022877080711146E-1
139 117 1.9495215835671958E-1
139 118 9.112542208556019E-1
139 119 4.0751333293405984E-1
139 138 9.861923238439985E-1
139 139 -3.6786097556155206
139 140 6.064914014326331E-1
139 161 5.722063181925074E-1
140 119 6.01286050362686E-1
140 120 5.442801098901382E-1
140 139 6.064914014326331E-1
140 140 -3.493912420498224
140 141 5.890973734906604E-1
140 161 4.416559295185602E-1
140 162 7.111015558035463E-1
141 120 -0
141 140 -0
141 141 -1
141 162 -0
141 163 -0
142 121 5.770523246851833E-1
142 128 5.783826598903427E-1
142 142 -3.4641065600696015
142 143 5.775418019088258E-1
142 150 5.77479292592348E-1
142 164 5.754157274723481E-1
142 165 5.782347535205535E-1
143 121 5.782436587341435E-1
143 122 5.85238675141164E-1
143 123 5.531858377804347E-1
143 142 5.775418019088258E-1
143 143 -3.4646571713779526
143 144 5.934801016453553E-1
143 164 5.769670961680298E-1
144 123 5.65453860462082E-1
144 143 5.934801016453553E-1
144 144 -3.464983369119367
144 145 5.539998840027158E-1
144 164 5.774775076895263E-1
144 181 5.774103660538543E-1
144 182 5.971616492658338E-1
145 123 6.501143656806332E-1
145 124 5.027015441604344E-1
145 144 5.539998840027158E-1
145 145 -3.472485528943068
145 146 6.348199378602598E-1
145 182 5.510757018694378E-1
145 183 5.797740953695865E-1
146 124 5.600841691548117E-1
146 125 5.48895831883727E-1
146 145 6.348199378602598E-1
146 146 -3.5062403843061447
146 147 7.592471834173999E-1
146 183 5.548897173482357E-1
146 184 4.483035446417107E-1
147 125 5.887591890955206E-1
147 126 7.709622181449796E-1
147 146 7.592471834173999E-1
147 147 -3.6511989219783896
147 148 7.351623041676207E-1
147 184 7.970680271528688E-1
148 126 3.7319395615893636E-1
148 127 4.468169745951781E-1
148 147 7.351623041676207E-1
148 148 -3.4312255575991504
148 149 5.055909691788542E-1
148 184 3.58453986422491E-1
148 185 4.3137876149602805E-1
148 186 5.80628605580042E-1
149 127 3.637252330973772E-1
149 148 5.055909691788542E-1
149 149 -1.740648990443265
149 186 5.804824073020033E-1
149 187 2.908503808650302E-1
150 128 5.777791825030381E-1
150 129 5.771565357097936E-1
150 142 5.77479292592348E-1
150 150 -3.464111319514565
150 151 5.781056692999863E-1
150 165 5.745304274925334E-1
150 166 5.790602119168662E-1
151 129 5.783383992276794E-1
151 130 5.722704345170103E-1
151 150 5.781056692999863E-1
151 151 -3.4641994597888766
151 152 5.716605040890959E-1
151 166 5.747835708606237E-1
151 167 5.890408817944808E-1
152 130 5.821374414714402E-1
152 151 5.716605040890959E-1
152 152 -3.4642510838837577
152 153 5.786948543388555E-1
152 167 5.763435412433325E-1
152 168 5.860780003089834E-1
152 169 5.693367424320497E-1
153 130 5.759555515399586E-1
153 131 5.774766418346617E-1
153 152 5.786948543388555E-1
153 153 -3.4641220528775065
153 154 5.746984495156304E-1
153 169 5.796960954895227E-1
153 170 5.776004601588778E-1
154 131 5.804690803481131E-1
154 132 5.751690847483315E-1
154 153 5.746984495156304E-1
154 154 -3.4641527602055957
154 155 5.761767839539794E-1
154 170 5.739134919052913E-1
154 171 5.837258697342502E-1
155 132 5.831963248631584E-1
155 133 5.740609548471524E-1
155 154 5.761767839539794E-1
155 155 -3.464196132066048
155 156 5.702658890400434E-1
155 171 5.743284220814044E-1
155 172 5.861677572803103E-1
156 133 5.8370511951615E-1
156 134 5.780844705703615E-1
156 155 5.702658890400434E-1
156 156 -3.4642707807152253
156 157 5.672497371282419E-1
156 172 5.754901596005129E-1
156 173 5.894754048599156E-1
157 134 5.811920592250501E-1
157 135 5.780940312156404E-1
157 156 5.672497371282419E-1
157 157 -3.464209028684667
157 158 5.740171577585862E-1
157 173 5.771111261925537E-1
157 174 5.865449171645947E-1
158 135 5.780317780349093E-1
158 136 5.761608061718337E-1
158 137 5.776576429731615E-1
158 157 5.740171577585862E-1
158 158 -3.4641183284530515
158 159 5.793875573217526E-1
158 174 5.788633861928083E-1
159 137 5.784279042329177E-1
159 158 5.793875573217526E-1
159 159 -3.4641328844535466
159 160 5.753717464696135E-1
159 174 5.729665829111565E-1
159 175 5.808848797143475E-1
159 176 5.770942138037587E-1
160 137 4.158074329570491E-1
160 138 8.866302880980694E-1
160 159 5.753717464696135E-1
160 160 -3.5560490463977112
160 161 4.065362994458669E-1
160 176 5.879309958960084E-1
160 177 6.837722835311041E-1
161 138 5.022877080711146E-1
161 139 5.722063181925074E-1
161 140 4.416559295185602E-1
161 160 4.065362994458669E-1
161 161 -3.405801428512418
161 162 4.1945941402524795E-1
161 177 4.911528330817805E-1
161 178 5.725029261773401E-1
162 140 7.111015558035463E-1
162 141 5.718611290246423E-1
162 161 4.1945941402524795E-1
162 162 -3.4956267704847424
162 163 5.787788804839822E-1
162 178 5.955345736273887E-1
162 179 6.188912175199355E-1
163 141 -0
163 162 -0
163 163 -1
163 179 -0
163 180 -0
164 142 5.754157274723481E-1
164 143 5.769670961680298E-1
164 144 5.774775076895263E-1
164 164 -3.4641201635977295
164 165 5.80404263507855E-1
164 181 5.737728921412739E-1
164 188 5.800826766186964E-1
165 142 5.782347535205535E-1
165 150 5.745304274925334E-1
165 164 5.80404263507855E-1
165 165 -3.4641659065613717
165 166 5.80004508301712E-1
165 188 5.688680331456631E-1
165 189 5.821239205930548E-1
166 150 5.790602119168662E-1
166 151 5.747835708606237E-1
166 165 5.80004508301712E-1
166 166 -3.4646655071696384
166 167 5.74644332605742E-1
166 189 5.540035137161381E-1
166 190 6.02169369768556E-1
167 151 5.890408817944808E-1
167 152 5.763435412433325E-1
167 166 5.74644332605742E-1
167 167 -3.4650438494820217
167 168 5.55932092916436E-1
167 190 5.585442188665166E-1
167 191 6.105387820555139E-1
168 152 5.860780003089834E-1
168 167 5.55932092916436E-1
168 168 -3.4645187013774095
168 169 5.860535657308943E-1
168 191 5.718296934835405E-1
168 192 5.869253002078827E-1
168 193 5.777000487296727E-1
169 152 5.693367424320497E-1
169 153 5.796960954895227E-1
169 168 5.860535657308943E-1
169 169 -3.464195267710182
169 170 5.78218263475115E-1
169 193 5.750793897926006E-1
169 194 5.7581121079E-1
170 153 5.776004601588778E-1
170 154 5.739134919052913E-1
170 169 5.78218263475115E-1
170 170 -3.464129134799575
170 171 5.805761898407389E-1
170 194 5.757057659489706E-1
170 195 5.781149634705817E-1
171 154 5.837258697342502E-1
171 155 5.743284220814044E-1
171 170 5.805761898407389E-1
171 171 -3.464170300775581
171 172 5.707628509999851E-1
171 195 5.745906697321777E-1
171 196 5.801862983870245E-1
172 155 5.861677572803103E-1
172 156 5.754901596005129E-1
172 171 5.707628509999851E-1
172 172 -3.464227867647139
172 173 5.701190784261783E-1
172 196 5.748183856385312E-1
172 197 5.868696357016215E-1
173 156 5.894754048599156E-1
173 157 5.771111261925537E-1
173 172 5.701190784261783E-1
173 173 -3.464420640148941
173 174 5.591192487922596E-1
173 197 5.82474435226586E-1
173 198 5.861213466514479E-1
174 157 5.865449171645947E-1
174 158 5.788633861928083E-1
174 159 5.729665829111565E-1
174 173 5.591192487922596E-1
174 174 -3.4644797484521006
174 175 5.72178678860807E-1
174 198 5.948069345304742E-1
175 159 5.808848797143475E-1
175 174 5.72178678860807E-1
175 175 -3.464946207743705
175 176 5.737547360168427E-1
175 198 5.45864738751046E-1
175 199 5.976646261740486E-1
175 200 5.945985482266134E-1
176 159 5.770942138037587E-1
176 160 5.879309958960084E-1
176 175 5.737547360168427E-1
176 176 -3.4656136454977275
176 177 5.402062209422704E-1
176 200 5.789473532520664E-1
176 201 6.076801255867812E-1
177 160 6.837722835311041E-1
177 161 4.911528330817805E-1
177 176 5.402062209422704E-1
177 177 -3.4799768992314974
177 178 6.046728302681625E-1
177 201 5.434003332796256E-1
177 202 6.167723981285542E-1
178 161 5.725029261773401E-1
178 162 5.955345736273887E-1
178 177 6.046728302681625E-1
178 178 -3.473506120674597
178 179 5.537210146912313E-1
178 202 5.729710725452417E-1
178 203 5.741037033652323E-1
179 162 6.188912175199355E-1
179 163 5.735326111789587E-1
179 178 5.537210146912313E-1
179 179 -3.46701458838219
179 180 5.600602797038587E-1
179 203 5.884536426476501E-1
179 204 5.723558226405558E-1
180 163 -0
180 179 -0
180 180 -1
180 204 -0
180 205 -0
181 144 5.774103660538543E-1
181 164 5.737728921412739E-1
181 181 -3.464117556637397
181 182 5.781625436754376E-1
181 188 5.806381049641782E-1
181 206 5.78026162065551E-1
181 207 5.761074877371017E-1
182 144 5.971616492658338E-1
182 145 5.510757018694378E-1
182 181 5.781625436754376E-1
182 182 -3.4648624448347047
182 183 5.811606704784746E-1
182 206 5.749812004057053E-1
182 208 5.823206791398154E-1
183 145 5.797740953695865E-1
183 146 5.548897173482357E-1
183 182 5.811606704784746E-1
183 183 -3.4776045853088666
183 184 6.50540779859689E-1
183 208 6.357738021816106E-1
183 209 4.7546552007127024E-1
184 146 4.483035446417107E-1
184 147 7.970680271528688E-1
184 148 3.58453986422491E-1
184 183 6.50540779859689E-1
184 184 -3.603325464336055
184 185 9.323839979276396E-1
184 209 4.165751283316555E-1
185 148 4.3137876149602805E-1
185 184 9.323839979276396E-1
185 185 -3.730613174730249
185 186 9.197853600578789E-1
185 209 5.973930565772396E-1
185 210 8.496719986714624E-1
186 148 5.80628605580042E-1
186 149 5.804824073020033E-1
186 185 9.197853600578789E-1
186 186 -3.5787931278080456
186 187 6.304328101427081E-1
186 210 2.3600798605916207E-1
186 211 6.314559586662511E-1
187 149 2.908503808650302E-1
187 186 6.304328101427081E-1
187 187 -1.7387262086751047
187 211 4.873228051534461E-1
187 212 3.3012021251392026E-1
188 164 5.800826766186964E-1
188 165 5.688680331456631E-1
188 181 5.806381049641782E-1
188 188 -3.4641827524670545
188 189 5.856669471211537E-1
188 207 5.738431182212724E-1
188 213 5.750838723960909E-1
189 165 5.821239205930548E-1
189 166 5.540035137161381E-1
189 188 5.856669471211537E-1
189 189 -3.4645095276715736
189 190 5.879096544608226E-1
189 213 5.708503900108696E-1
189 222 5.83955101769535E-1
190 166 6.02169369768556E-1
190 167 5.585442188665166E-1
190 189 5.879096544608226E-1
190 190 -3.465796850793234
190 191 5.382150599579894E-1
190 222 5.714383008989914E-1
190 223 6.075202468403584E-1
191 167 6.105387820555139E-1
191 168 5.718296934835405E-1
191 190 5.382150599579894E-1
191 191 -3.4657817290321282
191 192 5.603933789267806E-1
191 223 6.012083456346834E-1
191 224 5.835964689736206E-1
192 168 5.869253002078827E-1
192 191 5.603933789267806E-1
192 192 -3.464390907377604
192 193 5.795685301558051E-1
192 224 5.873926916611745E-1
192 225 5.741577432778409E-1
192 226 5.759532631481203E-1
193 168 5.777000487296727E-1
193 169 5.750793897926006E-1
193 192 5.795685301558051E-1
193 193 -3.464123768835446
193 194 5.78915825637524E-1
193 226 5.731501403376842E-1
193 227 5.797098341821592E-1
194 169 5.7581121079E-1
194 170 5.757057659489706E-1
194 193 5.78915825637524E-1
194 194 -3.4641157956977353
194 195 5.799718448009472E-1
194 227 5.765467145655365E-1
194 228 5.771644339547572E-1
195 170 5.781149634705817E-1
195 171 5.745906697321777E-1
195 194 5.799718448009472E-1
195 195 -3.4641153735273527
195 196 5.796052098526407E-1
195 228 5.747102684562022E-1
195 229 5.771224172148028E-1
196 171 5.801862983870245E-1
196 172 5.748183856385312E-1
196 195 5.796052098526407E-1
196 196 -3.4641626737687936
196 197 5.706081849686808E-1
196 229 5.760687077896232E-1
196 230 5.828758871322932E-1
197 172 5.868696357016215E-1
197 173 5.82474435226586E-1
197 196 5.706081849686808E-1
197 197 -3.4644550748841225
197 198 5.569180950640209E-1
197 230 5.788720513060583E-1
197 231 5.887126726171545E-1
198 173 5.861213466514479E-1
198 174 5.948069345304742E-1
198 175 5.45864738751046E-1
198 197 5.569180950640209E-1
198 198 -3.4651801365087276
198 199 5.979902819483953E-1
198 231 5.834787395633435E-1
199 175 5.976646261740486E-1
199 198 5.979902819483953E-1
199 199 -3.4656607764408545
199 200 5.441130514517345E-1
199 231 5.671036284150802E-1
199 232 6.030527103038885E-1
199 233 5.557364781477079E-1
200 175 5.945985482266134E-1
200 176 5.789473532520664E-1
200 199 5.441130514517345E-1
200 200 -3.46524246957301
200 201 5.714503369172266E-1
200 233 6.063392606094515E-1
200 234 5.69793919115918E-1
201 176 6.076801255867812E-1
201 177 5.434003332796256E-1
201 200 5.714503369172266E-1
201 201 -3.4655845299469954
201 202 5.700147527060089E-1
201 234 5.821844002020882E-1
201 235 5.908545812552649E-1
202 177 6.167723981285542E-1
202 178 5.729710725452417E-1
202 201 5.700147527060089E-1
202 202 -3.465851323902229
202 203 5.847313054190357E-1
202 235 5.509273460010589E-1
202 236 5.704344491023299E-1
203 178 5.741037033652323E-1
203 179 5.884536426476501E-1
203 202 5.847313054190357E-1
203 203 -3.46721491365651
203 204 5.938886428533463E-1
203 236 6.054184142627534E-1
203 237 5.206192051084921E-1
204 179 5.723558226405558E-1
204 180 6.056451020981516E-1
204 203 5.938886428533463E-1
204 204 -3.468858978932864
204 205 5.583741684216259E-1
204 237 6.317851759781399E-1
204 238 5.06810066941045E-1
205 180 -0
205 204 -0
205 205 -1
205 238 -0
205 239 -0
206 181 5.78026162065551E-1
206 182 5.749812004057053E-1
206 206 -3.4641301163214377
206 207 5.781098131051918E-1
206 208 5.821951188549721E-1
206 215 5.768390460379758E-1
206 216 5.739787758520419E-1
207 181 5.761074877371017E-1
207 188 5.738431182212724E-1
207 206 5.781098131051918E-1
207 207 -3.464152188415733
207 213 5.811879742531956E-1
207 214 5.812310848955095E-1
207 215 5.736727102034619E-1
208 182 5.823206791398154E-1
208 183 6.357738021816106E-1
208 206 5.821951188549721E-1
208 208 -3.4729514167207705
208 209 5.018641454086499E-1
208 216 5.685817416805762E-1
208 217 6.022159294551462E-1
209 183 4.7546552007127024E-1
209 184 4.165751283316555E-1
209 185 5.973930565772396E-1
209 208 5.018641454086499E-1
209 209 -3.3989770354905517
209 210 3.971329816475493E-1
209 217 4.7795648016029946E-1
209 218 5.325897232938872E-1
210 185 8.496719986714624E-1
210 186 2.3600798605916207E-1
210 209 3.971329816475493E-1
210 210 -3.637114500385181
210 211 6.5776025896178E-1
210 218 9.347610083989053E-1
210 219 5.617802666463219E-1
211 186 6.314559586662511E-1
211 187 4.873228051534461E-1
211 210 6.5776025896178E-1
211 211 -3.4925069302003937
211 212 5.65931636837876E-1
211 219 4.349538914124883E-1
211 220 7.150823791685521E-1
212 187 3.3012021251392026E-1
212 211 5.65931636837876E-1
212 212 -1.7348876478930517
212 220 5.324420438743867E-1
212 221 3.0639375466686875E-1
213 188 5.750838723960909E-1
213 189 5.708503900108696E-1
213 207 5.811879742531956E-1
213 213 -3.4647136774017744
213 214 5.780754299187025E-1
213 222 5.586883507805906E-1
213 240 6.008276600423251E-1
214 207 5.812310848955095E-1
214 213 5.780754299187025E-1
214 214 -3.465401411876355
214 215 5.808065874005357E-1
214 240 5.366698930811324E-1
214 241 6.131284095658966E-1
214 242 5.754900070145784E-1
215 206 5.768390460379758E-1
215 207 5.736727102034619E-1
215 214 5.808065874005357E-1
215 215 -3.4641551689075203
215 216 5.768602426167784E-1
215 242 5.819101662739808E-1
215 243 5.74066416374788E-1
216 206 5.739787758520419E-1
216 208 5.685817416805762E-1
216 215 5.768602426167784E-1
216 216 -3.4661940925616097
216 217 6.246934143113231E-1
216 243 5.773029172030297E-1
216 244 5.447770008978606E-1
217 208 6.022159294551462E-1
217 209 4.7795648016029946E-1
217 216 6.246934143113231E-1
217 217 -3.5373742662131638
217 218 8.511279778479355E-1
217 244 6.107890057818313E-1
217 245 3.705914586566283E-1
218 209 5.325897232938872E-1
218 210 9.347610083989053E-1
218 217 8.511279778479355E-1
218 218 -3.7138065678530827
218 219 5.253101413021568E-1
218 245 8.700177170101979E-1
219 210 5.617802666463219E-1
219 211 4.349538914124883E-1
219 218 5.253101413021568E-1
219 219 -3.4007268716342645
219 220 4.580177777577671E-1
219 245 4.130321804516386E-1
219 246 4.4318917863373636E-1
219 247 5.644434354301555E-1
220 211 7.150823791685521E-1
220 212 5.324420438743867E-1
220 219 4.580177777577671E-1
220 220 -3.487754002632086
220 221 5.940797722674722E-1
220 247 6.403933898660938E-1
220 248 5.47738639697814E-1
221 212 3.0639375466686875E-1
221 220 5.940797722674722E-1
221 221 -1.7329979563237363
221 248 5.469310472547394E-1
221 249 2.855933821346561E-1
222 189 5.83955101769535E-1
222 190 5.714383008989914E-1
222 213 5.586883507805906E-1
222 222 -3.467212753321041
222 223 5.214569879363911E-1
222 240 6.11476259311767E-1
