%%MatrixMarket matrix coordinate real general
%
6714 6714 1662
4279 4279 -1.6536357193873596
4279 4280 3.167592557042336E-1
4279 4457 2.2862905422399815E-1
4279 4459 6.02772288948757E-1
4279 4460 5.05475120510371E-1
4280 4279 3.167592557042336E-1
4280 4280 -1.6561468472144232
4280 4281 3.459201441585951E-1
4280 4459 4.991344950983757E-1
4280 4461 4.94332952253219E-1
4281 4280 3.459201441585951E-1
4281 4281 -1.73466152739638
4281 4461 4.2484684121737476E-1
4281 4462 8.666064308744196E-1
4281 4463 9.728811114599029E-2
4457 4279 2.2862905422399815E-1
4457 4457 -1.7322112806395706
4457 4460 6.343651361110529E-1
4457 4524 5.127392822589677E-2
4457 4525 8.179431620786228E-1
4459 4279 6.02772288948757E-1
4459 4280 4.991344950983757E-1
4459 4459 -3.6049382202235902
4459 4460 7.58471140073903E-1
4459 4461 5.005239272825038E-1
4459 4527 2.707202270784935E-1
4459 4528 9.733161417415568E-1
4460 4279 5.05475120510371E-1
4460 4457 6.343651361110529E-1
4460 4459 7.58471140073903E-1
4460 4460 -3.5201991505084815
4460 4525 6.020865244845477E-1
4460 4526 4.524526966841681E-1
4460 4527 5.673485326444387E-1
4461 4280 4.94332952253219E-1
4461 4281 4.2484684121737476E-1
4461 4459 5.005239272825038E-1
4461 4461 -3.4011952926381075
4461 4462 5.710703101509219E-1
4461 4528 4.796154510613092E-1
4461 4529 4.52743708670331E-1
4461 4530 4.780621020024479E-1
4462 4281 8.666064308744196E-1
4462 4461 5.710703101509219E-1
4462 4462 -3.690178362901385
4462 4463 7.834034291782959E-1
4462 4530 9.082834982964689E-1
4462 4531 5.608146944012785E-1
4463 4281 9.728811114599029E-2
4463 4462 7.834034291782959E-1
4463 4463 -1.7088815991221156
4463 4464 1.98862757865024E-1
4463 4531 6.293273009328054E-1
4464 4463 1.98862757865024E-1
4464 4464 -1.657865144836856
4464 4531 6.060182098795968E-1
4464 4532 6.350437195613339E-1
4464 4533 2.1794045753090124E-1
4524 4457 5.127392822589677E-2
4524 4524 -1.7473028783853386
4524 4525 8.071294542975809E-1
4524 4703 1.752529655747871E-1
4524 4704 7.136465302870736E-1
4525 4457 8.179431620786228E-1
4525 4460 6.020865244845477E-1
4525 4524 8.071294542975809E-1
4525 4525 -3.6791525263363347
4525 4526 8.674964233985818E-1
4525 4704 5.844969620770015E-1
4526 4460 4.524526966841681E-1
4526 4525 8.674964233985818E-1
4526 4526 -3.559945564974325
4526 4527 6.112045175342382E-1
4526 4704 4.5600622979774497E-1
4526 4705 4.7036743696575545E-1
4526 4706 7.024182605938367E-1
4527 4459 2.707202270784935E-1
4527 4460 5.673485326444387E-1
4527 4526 6.112045175342382E-1
4527 4527 -3.4390943436679104
4527 4528 6.491183613090026E-1
4527 4706 3.440415306486777E-1
4527 4707 4.391999795839243E-1
4527 4708 5.574611948691355E-1
4528 4459 9.733161417415568E-1
4528 4461 4.796154510613092E-1
4528 4527 6.491183613090026E-1
4528 4528 -3.7034571043445714
4528 4529 8.049414880240271E-1
4528 4708 7.964656622086763E-1
4529 4461 4.52743708670331E-1
4529 4528 8.049414880240271E-1
4529 4529 -3.5231254483748833
4529 4530 6.820268608340124E-1
4529 4708 4.1859528522695877E-1
4529 4709 6.581499195210845E-1
4529 4710 5.066681860984694E-1
4530 4461 4.780621020024479E-1
4530 4462 9.082834982964689E-1
4530 4529 6.820268608340124E-1
4530 4530 -3.573704480005957
4530 4531 5.215442789672042E-1
4530 4710 6.485522773334336E-1
4530 4711 3.3523546257239E-1
4531 4462 5.608146944012785E-1
4531 4463 6.293273009328054E-1
4531 4464 6.060182098795968E-1
4531 4530 5.215442789672042E-1
4531 4531 -3.5015167193552585
4531 4532 5.125134265502712E-1
4531 4711 6.71298808624103E-1
4532 4464 6.350437195613339E-1
4532 4531 5.125134265502712E-1
4532 4532 -3.47207459117973
4532 4533 6.157223721717662E-1
4532 4711 5.79810252139243E-1
4532 4712 5.686147928666527E-1
4532 4713 5.603700278904634E-1
4533 4464 2.1794045753090124E-1
4533 4532 6.157223721717662E-1
4533 4533 -1.655449901213585
4533 4713 5.981630747094453E-1
4533 4714 2.236239968014721E-1
4646 4646 -1.6821446369346176
4646 4647 1.994885558662236E-1
4646 4703 1.368290630412104E-1
4646 4768 6.374844375069613E-1
4646 4769 7.083425805202226E-1
4647 4646 1.994885558662236E-1
4647 4647 -1.6559694359209165
4647 4648 2.44137967251157E-1
4647 4768 6.340816423648541E-1
4647 4833 5.782612704386818E-1
4648 4647 2.44137967251157E-1
4648 4648 -1.6521551223045705
4648 4649 2.2027943728754962E-1
4648 4833 5.740087988738063E-1
4648 4834 6.137289188920576E-1
4649 4648 2.2027943728754962E-1
4649 4649 -1.6886782564089795
4649 4834 5.811767154655529E-1
4649 4835 7.615670081743193E-1
4649 4836 1.2565509548155773E-1
4703 4524 1.752529655747871E-1
4703 4646 1.368290630412104E-1
4703 4703 -1.7007355561231141
4703 4704 5.666168507265401E-1
4703 4769 8.220366767805766E-1
4704 4524 7.136465302870736E-1
4704 4525 5.844969620770015E-1
4704 4526 4.5600622979774497E-1
4704 4703 5.666168507265401E-1
4704 4704 -3.5274536267022905
4704 4705 7.266921402083342E-1
4704 4769 4.7999491360559593E-1
4705 4526 4.7036743696575545E-1
4705 4704 7.266921402083342E-1
4705 4705 -3.539629980474957
4705 4706 6.99673741209061E-1
4705 4769 3.549130496739714E-1
4705 4770 4.986819154494594E-1
4705 4771 7.893016969683758E-1
4706 4526 7.024182605938367E-1
4706 4527 3.440415306486777E-1
4706 4705 6.99673741209061E-1
4706 4706 -3.5465397485798733
4706 4707 7.574468372291152E-1
4706 4771 4.069803675566698E-1
4706 4772 6.359790113425128E-1
4707 4527 4.391999795839243E-1
4707 4706 7.574468372291152E-1
4707 4707 -3.497991664826038
4707 4708 6.178995852643981E-1
4707 4772 5.287454312262567E-1
4707 4773 5.773497076970937E-1
4707 4774 5.773501238252496E-1
4708 4527 5.574611948691355E-1
4708 4528 7.964656622086763E-1
4708 4529 4.1859528522695877E-1
4708 4707 6.178995852643981E-1
4708 4708 -3.517456923781962
4708 4709 5.496849784849911E-1
4708 4774 5.773502177278023E-1
4709 4529 6.581499195210845E-1
4709 4708 5.496849784849911E-1
4709 4709 -3.468503216632697
4709 4710 5.582665611322623E-1
4709 4774 5.77350337984073E-1
4709 4775 5.773502164326272E-1
4709 4776 5.477012030776589E-1
4710 4529 5.066681860984694E-1
4710 4530 6.485522773334336E-1
4710 4709 5.582665611322623E-1
4710 4710 -3.479326734557164
4710 4711 5.736835239713896E-1
4710 4776 6.625544345036902E-1
4710 4777 5.296017515179189E-1
4711 4530 3.3523546257239E-1
4711 4531 6.71298808624103E-1
4711 4532 5.79810252139243E-1
4711 4710 5.736835239713896E-1
4711 4711 -3.5123501870756684
4711 4712 6.47085042764773E-1
4711 4777 7.052370970037694E-1
4712 4532 5.686147928666527E-1
4712 4711 6.47085042764773E-1
4712 4712 -3.5175676756099534
4712 4713 6.41278163209003E-1
4712 4777 4.9192028181136854E-1
4712 4778 3.8447673620449235E-1
4712 4779 7.841926587536638E-1
4713 4532 5.603700278904634E-1
4713 4533 5.981630747094453E-1
4713 4712 6.41278163209003E-1
4713 4713 -3.48722335386346
4713 4714 5.218471797872422E-1
4713 4779 4.860434049402089E-1
4713 4780 6.795215033270969E-1
4714 4533 2.236239968014721E-1
4714 4713 5.218471797872422E-1
4714 4714 -1.6857964813156538
4714 4780 7.685025299080009E-1
4714 4781 1.7182277481893876E-1
4768 4646 6.374844375069613E-1
4768 4647 6.340816423648541E-1
4768 4768 -3.5145376277357183
4768 4769 5.286967052496175E-1
4768 4770 5.161578847471513E-1
4768 4833 4.35338191035649E-1
4768 4885 7.627787668314854E-1
4769 4646 7.083425805202226E-1
4769 4703 8.220366767805766E-1
4769 4704 4.7999491360559593E-1
4769 4705 3.549130496739714E-1
4769 4768 5.286967052496175E-1
4769 4769 -3.540697528105392
4769 4770 6.467136022754085E-1
4770 4705 4.986819154494594E-1
4770 4768 5.161578847471513E-1
4770 4769 6.467136022754085E-1
4770 4770 -3.507812954603192
4770 4771 6.172753103464849E-1
4770 4885 6.616840580059629E-1
4770 4937 5.673001837787248E-1
4771 4705 7.893016969683758E-1
4771 4706 4.069803675566698E-1
4771 4770 6.172753103464849E-1
4771 4771 -3.504995133199281
4771 4772 6.056383844596744E-1
4771 4937 4.927633294904574E-1
4771 4938 5.930360443776186E-1
4772 4706 6.359790113425128E-1
4772 4707 5.287454312262567E-1
4772 4771 6.056383844596744E-1
4772 4772 -3.468978300272766
4772 4773 5.773499479222467E-1
4772 4938 5.439166502767787E-1
4772 4939 5.773488750452966E-1
4773 4707 5.773497076970937E-1
4773 4772 5.773499479222467E-1
4773 4773 -3.4641016151411295
4773 4774 5.773506339133487E-1
4773 4939 5.773520339123788E-1
4773 4940 5.77348671663998E-1
4773 4941 5.773506200320632E-1
4774 4707 5.773501238252496E-1
4774 4708 5.773502177278023E-1
4774 4709 5.77350337984073E-1
4774 4773 5.773506339133487E-1
4774 4774 -3.464101615137915
4774 4775 5.773503398756377E-1
4774 4941 5.773499618118039E-1
4775 4709 5.773502164326272E-1
4775 4774 5.773503398756377E-1
4775 4775 -3.4641016151377597
4775 4776 5.773502783857429E-1
4775 4941 5.773502354441288E-1
4775 4942 5.773502699490681E-1
4775 4943 5.773502750505548E-1
4776 4709 5.477012030776589E-1
4776 4710 6.625544345036902E-1
4776 4775 5.773502783857429E-1
4776 4776 -3.46890306192884
4776 4777 5.37600683706974E-1
4776 4943 5.773502606623113E-1
4776 4944 5.663462015924626E-1
4777 4710 5.296017515179189E-1
4777 4711 7.052370970037694E-1
4777 4712 4.9192028181136854E-1
4777 4776 5.37600683706974E-1
4777 4777 -3.482239493091513
4777 4778 6.400757364928937E-1
4777 4944 5.778039425585882E-1
4778 4712 3.8447673620449235E-1
4778 4777 6.400757364928937E-1
4778 4778 -3.525034445957429
4778 4779 8.33516571889938E-1
4778 4944 6.105071289396597E-1
4778 4945 5.563046235876675E-1
4778 4946 5.001536488427778E-1
4779 4712 7.841926587536638E-1
4779 4713 4.860434049402089E-1
4779 4778 8.33516571889938E-1
4779 4779 -3.6238350175769525
4779 4780 7.239483013577153E-1
4779 4946 5.811473864746197E-1
4779 4947 2.149866941608067E-1
4780 4713 6.795215033270969E-1
4780 4714 7.685025299080009E-1
4780 4779 7.239483013577153E-1
4780 4780 -3.6729803149471856
4780 4781 6.714869791568912E-1
4780 4947 8.29521001197481E-1
4781 4714 1.7182277481893876E-1
4781 4780 6.714869791568912E-1
4781 4781 -1.6854651388307993
4781 4782 3.8427633551677026E-1
4781 4947 4.57879049338199E-1
4782 4781 3.8427633551677026E-1
4782 4782 -1.7085397352673244
4782 4947 3.258447041752938E-1
4782 4948 7.830809288678842E-1
4782 4949 2.1533776670737614E-1
4833 4647 5.782612704386818E-1
4833 4648 5.740087988738063E-1
4833 4768 4.35338191035649E-1
4833 4833 -3.5321057022243485
4833 4834 6.849537540247305E-1
4833 4885 8.100264453718724E-1
4833 4886 4.495172424796085E-1
4834 4648 6.137289188920576E-1
4834 4649 5.811767154655529E-1
4834 4833 6.849537540247305E-1
4834 4834 -3.4986428799486387
4834 4835 5.207213854630675E-1
4834 4886 4.7925808142851656E-1
4834 4887 6.188040246747136E-1
4835 4649 7.615670081743193E-1
4835 4834 5.207213854630675E-1
4835 4835 -3.663945257924753
4835 4836 7.797092159104999E-1
4835 4887 8.471046503856241E-1
4835 4888 7.548429979912423E-1
4836 4649 1.2565509548155773E-1
4836 4835 7.797092159104999E-1
4836 4836 -1.7037050075552702
4836 4837 3.2063057795524896E-1
4836 4888 4.7771011820796344E-1
4837 4836 3.2063057795524896E-1
4837 4837 -1.665348940759797
4837 4888 4.54803106041595E-1
4837 4889 6.732406790238724E-1
4837 4890 2.1667457773908044E-1
4885 4768 7.627787668314854E-1
4885 4770 6.616840580059629E-1
4885 4833 8.100264453718724E-1
4885 4885 -3.659464113502541
4885 4886 6.26118723994693E-1
4885 4937 7.988561192985273E-1
4886 4833 4.495172424796085E-1
4886 4834 4.7925808142851656E-1
4886 4885 6.26118723994693E-1
4886 4886 -3.4039765410678218
4886 4887 4.5540768270001586E-1
4886 4937 4.1890445971153345E-1
4886 4998 5.035523326710258E-1
4886 4999 4.7121801808242825E-1
4887 4834 6.188040246747136E-1
4887 4835 8.471046503856241E-1
4887 4886 4.5540768270001586E-1
4887 4887 -3.573243673844133
4887 4888 2.916647281385685E-1
4887 4998 6.395511263008238E-1
4887 5056 7.20711461644388E-1
4888 4835 7.548429979912423E-1
4888 4836 4.7771011820796344E-1
4888 4837 4.54803106041595E-1
4888 4887 2.916647281385685E-1
4888 4888 -3.4811688613294356
4888 4889 3.3202714983397097E-1
4888 5056 4.6603762434542717E-1
4888 5057 7.040831367706678E-1
4889 4837 6.732406790238724E-1
4889 4888 3.3202714983397097E-1
4889 4889 -3.5907428821100327
4889 4890 6.176478745501885E-1
4889 5057 9.489079581729287E-1
4889 5058 4.2411985036617E-1
4889 5059 5.947993701629017E-1
4890 4837 2.1667457773908044E-1
4890 4889 6.176478745501885E-1
4890 4890 -1.7087745930244045
4890 5059 7.843057064821302E-1
4890 5060 9.014643425300545E-2
4937 4770 5.673001837787248E-1
4937 4771 4.927633294904574E-1
4937 4885 7.988561192985273E-1
4937 4886 4.1890445971153345E-1
4937 4937 -3.535696150248501
4937 4938 6.240324997895315E-1
4937 4999 6.338395581797263E-1
4938 4771 5.930360443776186E-1
4938 4772 5.439166502767787E-1
4938 4937 6.240324997895315E-1
4938 4938 -3.4669352590253872
4938 4939 5.773464128780423E-1
4938 4999 5.57070334801866E-1
4938 5000 5.715333169015504E-1
4939 4772 5.773488750452966E-1
4939 4773 5.773520339123788E-1
4939 4938 5.773464128780423E-1
4939 4939 -3.4641016152513147
4939 4940 5.773519141202098E-1
4939 5000 5.773604763968265E-1
4939 5001 5.773419028985609E-1
4940 4773 5.77348671663998E-1
4940 4939 5.773519141202098E-1
4940 4940 -3.464101615141055
4940 4941 5.773505860847841E-1
4940 5001 5.773504698826242E-1
4940 5002 5.773494161890645E-1
4940 5003 5.773505572003748E-1
4941 4773 5.773506200320632E-1
4941 4774 5.773499618118039E-1
4941 4775 5.773502354441288E-1
4941 4940 5.773505860847841E-1
4941 4941 -3.4641016151379924
4941 4942 5.773502334695304E-1
4941 5003 5.773499782956818E-1
4942 4775 5.773502699490681E-1
4942 4941 5.773502334695304E-1
4942 4942 -3.4641016151380963
4942 4943 5.773502793368661E-1
4942 5003 5.773500764732642E-1
4942 5004 5.773508684160111E-1
4942 5005 5.77349887493356E-1
4943 4775 5.773502750505548E-1
4943 4776 5.773502606623113E-1
4943 4942 5.773502793368661E-1
4943 4943 -3.464101615137755
4943 4944 5.773502710070755E-1
4943 5005 5.773502580190031E-1
4943 5006 5.773502710619436E-1
4944 4776 5.663462015924626E-1
4944 4777 5.778039425585882E-1
4944 4778 6.105071289396597E-1
4944 4943 5.773502710070755E-1
4944 4944 -3.4665378157568254
4944 4945 5.571800038411492E-1
4944 5006 5.773502678178902E-1
4945 4778 5.563046235876675E-1
4945 4944 5.571800038411492E-1
4945 4945 -3.4669552551146747
4945 4946 6.431642265794937E-1
4945 5006 5.773546712754709E-1
4945 5007 5.773482564078654E-1
4945 5008 5.556034734230284E-1
4946 4778 5.001536488427778E-1
4946 4779 5.811473864746197E-1
4946 4945 6.431642265794937E-1
4946 4946 -3.488538353303217
4946 4947 5.7561245493899E-1
4946 5008 5.923403452810683E-1
4946 5009 5.961202911862675E-1
4947 4779 2.149866941608067E-1
4947 4780 8.29521001197481E-1
4947 4781 4.57879049338199E-1
4947 4782 3.258447041752938E-1
4947 4946 5.7561245493899E-1
4947 4947 -3.4865059085321235
4947 4948 6.091487237338875E-1
4947 5009 4.735132809874649E-1
4948 4782 7.830809288678842E-1
4948 4947 6.091487237338875E-1
4948 4948 -3.6602855101573737
4948 4949 6.622357196863169E-1
4948 5009 8.389682827580442E-1
4948 5010 7.668518551112411E-1
4949 4782 2.1533776670737614E-1
4949 4948 6.622357196863169E-1
4949 4949 -1.6600004860295134
4949 5010 4.757609413111944E-1
4949 5011 3.0666605832462585E-1
4998 4886 5.035523326710258E-1
4998 4887 6.395511263008238E-1
4998 4998 -3.4800575804273177
4998 4999 6.487315032482739E-1
4998 5056 5.403444085321465E-1
4998 5103 5.787874276264157E-1
4998 5161 5.690907820486324E-1
4999 4886 4.7121801808242825E-1
4999 4937 6.338395581797263E-1
4999 4938 5.57070334801866E-1
4999 4998 6.487315032482739E-1
4999 4999 -3.479242544851111
4999 5000 5.878533867494826E-1
4999 5103 5.805297437893343E-1
5000 4938 5.715333169015504E-1
5000 4939 5.773604763968265E-1
5000 4999 5.878533867494826E-1
5000 5000 -3.4641974106381888
5000 5001 5.773594436580469E-1
5000 5103 5.727851080497615E-1
5000 5104 5.773056788825202E-1
5001 4939 5.773419028985609E-1
5001 4940 5.773504698826242E-1
5001 5000 5.773594436580469E-1
5001 5001 -3.4641016152590187
5001 5002 5.773509553150986E-1
5001 5104 5.773548997209256E-1
5001 5105 5.773439437837626E-1
5002 4940 5.773494161890645E-1
5002 5001 5.773509553150986E-1
5002 5002 -3.4641016151401844
5002 5003 5.773501862609213E-1
5002 5105 5.77351407553814E-1
5002 5106 5.77349097038572E-1
5002 5107 5.773505527827137E-1
5003 4940 5.773505572003748E-1
5003 4941 5.773499782956818E-1
5003 4942 5.773500764732642E-1
5003 5002 5.773501862609213E-1
5003 5003 -3.4641016151379884
5003 5004 5.773503168957395E-1
5003 5107 5.773505000120069E-1
5004 4942 5.773508684160111E-1
5004 5003 5.773503168957395E-1
5004 5004 -3.464101615139851
5004 5005 5.773498760720517E-1
5004 5107 5.773493684441616E-1
5004 5108 5.773513760438274E-1
5004 5109 5.7734980926806E-1
5005 4942 5.77349887493356E-1
5005 4943 5.773502580190031E-1
5005 5004 5.773498760720517E-1
5005 5005 -3.464101615516029
5005 5006 5.773463772510551E-1
5005 5109 5.773664652172141E-1
5005 5110 5.773387514633487E-1
5006 4943 5.773502710619436E-1
5006 4944 5.773502678178902E-1
5006 4945 5.773546712754709E-1
5006 5005 5.773463772510551E-1
5006 5006 -3.4641016159345037
5006 5007 5.773241885078155E-1
5006 5110 5.773758400203279E-1
5007 4945 5.773482564078654E-1
5007 5006 5.773241885078155E-1
5007 5007 -3.4642051340736684
5007 5008 5.785346588077062E-1
5007 5110 5.773536787959295E-1
5007 5111 5.85098459504926E-1
5007 5112 5.68545892049426E-1
5008 4945 5.556034734230284E-1
5008 4946 5.923403452810683E-1
5008 5007 5.785346588077062E-1
5008 5008 -3.4672093191851796
5008 5009 5.912054325026315E-1
5008 5112 6.175923645850281E-1
5008 5113 5.319330445857169E-1
5009 4946 5.961202911862675E-1
5009 4947 4.735132809874649E-1
5009 4948 8.389682827580442E-1
5009 5008 5.912054325026315E-1
5009 5009 -3.5612201353231745
5009 5010 3.0561971890251466E-1
5009 5113 7.557931289862517E-1
5010 4948 7.668518551112411E-1
5010 4949 4.757609413111944E-1
5010 5009 3.0561971890251466E-1
5010 5010 -3.4555862021013724
5010 5011 4.485718139673493E-1
5010 5113 4.247454333036863E-1
5010 5114 4.118456311738438E-1
5010 5115 6.221908083315432E-1
5011 4949 3.0666605832462585E-1
5011 5010 4.485718139673493E-1
5011 5011 -1.7164690421332756
5011 5115 8.512794599489463E-1
5011 5116 1.0995170989235409E-1
5056 4887 7.20711461644388E-1
5056 4888 4.6603762434542717E-1
5056 4998 5.403444085321465E-1
5056 5056 -3.5467248796999455
5056 5057 8.511177039177074E-1
5056 5161 5.819889875573926E-1
5056 5162 3.865246937028839E-1
5057 4888 7.040831367706678E-1
5057 4889 9.489079581729287E-1
5057 5056 8.511177039177074E-1
5057 5057 -3.73921683600544
5057 5058 3.747379229759588E-1
5057 5162 8.603701141681774E-1
5058 4889 4.2411985036617E-1
5058 5057 3.747379229759588E-1
5058 5058 -3.48818353214918
5058 5059 9.167174492129572E-1
5058 5162 5.01818851607224E-1
5058 5163 4.6137284176705057E-1
5058 5164 5.619428420004696E-1
5058 5165 2.4747377421934985E-1
5059 4889 5.947993701629017E-1
5059 4890 7.843057064821302E-1
5059 5058 9.167174492129572E-1
5059 5059 -3.707678694072373
5059 5060 8.953683982010292E-1
5059 5165 5.164877700133552E-1
5060 4890 9.014643425300545E-2
5060 5059 8.953683982010292E-1
5060 5060 -1.7264585885792525
5060 5165 4.790712349779752E-1
5060 5166 2.6187252114724285E-1
5103 4998 5.787874276264157E-1
5103 4999 5.805297437893343E-1
5103 5000 5.727851080497615E-1
5103 5103 -3.4641391792048433
5103 5104 5.773977550741236E-1
5103 5161 5.775246977901983E-1
5103 5210 5.771144468750102E-1
5104 5000 5.773056788825202E-1
5104 5001 5.773548997209256E-1
5104 5103 5.773977550741236E-1
5104 5104 -3.464101618250603
5104 5105 5.773463789734937E-1
5104 5210 5.773761707738525E-1
5104 5211 5.773207348256879E-1
5105 5001 5.773439437837626E-1
5105 5002 5.77351407553814E-1
5105 5104 5.773463789734937E-1
5105 5105 -3.4641016162105815
5105 5106 5.773440586314532E-1
5105 5211 5.773900048397849E-1
5105 5212 5.773258224282732E-1
5106 5002 5.77349097038572E-1
5106 5105 5.773440586314532E-1
5106 5106 -3.464101615680468
5106 5107 5.773499575822642E-1
5106 5212 5.773740697046412E-1
5106 5213 5.773339953541952E-1
5106 5214 5.773504373693417E-1
5107 5002 5.773505527827137E-1
5107 5003 5.773505000120069E-1
5107 5004 5.773493684441616E-1
5107 5106 5.773499575822642E-1
5107 5107 -3.4641016151384543
5107 5108 5.77350843626556E-1
5107 5214 5.77350392690752E-1
5108 5004 5.773513760438274E-1
5108 5107 5.77350843626556E-1
5108 5108 -3.464101615157845
5108 5109 5.773461552585355E-1
5108 5214 5.773496450685387E-1
5108 5215 5.773500462982539E-1
5108 5216 5.773535488621332E-1
5109 5004 5.7734980926806E-1
5109 5005 5.773664652172141E-1
5109 5108 5.773461552585355E-1
5109 5109 -3.4641016159830147
5109 5110 5.773187664458157E-1
5109 5216 5.773572743693796E-1
5109 5217 5.773631454240098E-1
5110 5005 5.773387514633487E-1
5110 5006 5.773758400203279E-1
5110 5007 5.773536787959295E-1
5110 5109 5.773187664458157E-1
5110 5110 -3.4641016263198336
5110 5111 5.773038450608791E-1
5110 5217 5.774107445335328E-1
5111 5007 5.85098459504926E-1
5111 5110 5.773038450608791E-1
5111 5111 -3.4642705550258515
5111 5112 5.633271335300114E-1
5111 5217 5.771821207688579E-1
5111 5218 5.776621437044556E-1
5111 5219 5.836968524567215E-1
5112 5007 5.68545892049426E-1
5112 5008 6.175923645850281E-1
5112 5111 5.633271335300114E-1
5112 5112 -3.4666355330876097
5112 5113 5.307843043615823E-1
5112 5219 5.829120879071168E-1
5112 5220 6.034737506544452E-1
5113 5008 5.319330445857169E-1
5113 5009 7.557931289862517E-1
5113 5010 4.247454333036863E-1
5113 5112 5.307843043615823E-1
5113 5113 -3.505058763139253
5113 5114 6.89570343216485E-1
5113 5220 5.722325086855312E-1
5114 5010 4.118456311738438E-1
5114 5113 6.89570343216485E-1
5114 5114 -3.529989843314335
5114 5115 7.889077389550757E-1
5114 5220 5.568726076836705E-1
5114 5221 5.700635115495383E-1
5114 5222 5.127300107357213E-1
5115 5010 6.221908083315432E-1
5115 5011 8.512794599489463E-1
5115 5114 7.889077389550757E-1
5115 5115 -3.6619869295837
5115 5116 7.521465319075242E-1
5115 5222 6.474623904406107E-1
5116 5011 1.0995170989235409E-1
5116 5115 7.521465319075242E-1
5116 5116 -1.6974800081534323
5116 5222 5.96236118614581E-1
5116 5223 2.3914564773897268E-1
5161 4998 5.690907820486324E-1
5161 5056 5.819889875573926E-1
5161 5103 5.775246977901983E-1
5161 5161 -3.4657988120323084
5161 5162 6.142094661360866E-1
5161 5210 5.776521995592301E-1
5161 5264 5.453326789407684E-1
5162 5056 3.865246937028839E-1
5162 5057 8.603701141681774E-1
5162 5058 5.01818851607224E-1
5162 5161 6.142094661360866E-1
5162 5162 -3.5346449011388
5162 5163 5.636722071035728E-1
5162 5264 6.080495684208551E-1
5163 5058 4.6137284176705057E-1
5163 5162 5.636722071035728E-1
5163 5163 -3.5328775817968174
5163 5164 8.70345406473577E-1
5163 5264 6.198313311019416E-1
5163 5265 6.210351513558126E-1
5163 5266 3.966206439948629E-1
5164 5058 5.619428420004696E-1
5164 5163 8.70345406473577E-1
5164 5164 -3.6801839912058596
5164 5165 9.02311087475389E-1
5164 5266 7.126875253867162E-1
5164 5267 6.328971298697077E-1
5165 5058 2.4747377421934985E-1
5165 5059 5.164877700133552E-1
5165 5060 4.790712349779752E-1
5165 5164 9.02311087475389E-1
5165 5165 -3.514168012303969
5165 5166 5.328547968950457E-1
5165 5267 2.0546142076006219E-1
5165 5268 6.305079279627921E-1
5166 5060 2.6187252114724285E-1
5166 5165 5.328547968950457E-1
5166 5166 -1.7238182985322714
5166 5268 8.545673216664986E-1
5166 5269 7.452365882348444E-2
5210 5103 5.771144468750102E-1
5210 5104 5.773761707738525E-1
5210 5161 5.776521995592301E-1
5210 5210 -3.464101703799882
5210 5211 5.773088463156644E-1
5210 5264 5.773516619081287E-1
5210 5310 5.772983783679959E-1
5211 5104 5.773207348256879E-1
5211 5105 5.773900048397849E-1
5211 5210 5.773088463156644E-1
5211 5211 -3.464101631053547
5211 5212 5.773270928007929E-1
5211 5310 5.77496659534875E-1
5211 5312 5.772582927367422E-1
5212 5105 5.773258224282732E-1
5212 5106 5.773740697046412E-1
5212 5211 5.773270928007929E-1
5212 5212 -3.464101622575161
5212 5213 5.77374741563051E-1
5212 5312 5.77421726355744E-1
5212 5313 5.772781697226586E-1
5213 5106 5.773339953541952E-1
5213 5212 5.77374741563051E-1
5213 5213 -3.4641016157135693
5213 5214 5.773501561210264E-1
5213 5313 5.773421007412312E-1
5213 5314 5.773502453950273E-1
5213 5315 5.773503765390383E-1
5214 5106 5.773504373693417E-1
5214 5107 5.77350392690752E-1
5214 5108 5.773496450685387E-1
5214 5213 5.773501561210264E-1
5214 5214 -3.464101615138409
5214 5215 5.773508910335734E-1
5214 5315 5.77350092855177E-1
5215 5108 5.773500462982539E-1
5215 5214 5.773508910335734E-1
5215 5215 -3.4641016151853776
5215 5216 5.773422637582737E-1
5215 5315 5.773503831670561E-1
5215 5316 5.773513066440537E-1
5215 5317 5.773567242841673E-1
5216 5108 5.773535488621332E-1
5216 5109 5.773572743693796E-1
5216 5215 5.773422637582737E-1
5216 5216 -3.4641016155836812
5216 5217 5.773329534755545E-1
5216 5317 5.773545011547939E-1
5216 5318 5.773610739635464E-1
5217 5109 5.773631454240098E-1
5217 5110 5.774107445335328E-1
5217 5111 5.771821207688579E-1
5217 5216 5.773329534755545E-1
5217 5217 -3.464101640617801
5217 5218 5.774313045275186E-1
5217 5318 5.773813718883274E-1
5218 5111 5.776621437044556E-1
5218 5217 5.774313045275186E-1
5218 5218 -3.464103746002653
5218 5219 5.756406415845188E-1
5218 5318 5.772744005052961E-1
5218 5319 5.775629483933091E-1
5218 5320 5.785323072875554E-1
5219 5111 5.836968524567215E-1
5219 5112 5.829120879071168E-1
5219 5218 5.756406415845188E-1
5219 5219 -3.4643810667652684
5219 5220 5.573760099279075E-1
5219 5320 5.780820271384286E-1
5219 5321 5.866734477505757E-1
5220 5112 6.034737506544452E-1
5220 5113 5.722325086855312E-1
5220 5114 5.568726076836705E-1
5220 5219 5.573760099279075E-1
5220 5220 -3.4654184001417647
5220 5221 5.970788277413895E-1
5220 5321 5.78384695448821E-1
5221 5114 5.700635115495383E-1
5221 5220 5.970788277413895E-1
5221 5221 -3.465820924423171
5221 5222 5.966842050691046E-1
5221 5321 5.540101816151399E-1
5221 5322 5.706549454854342E-1
5221 5323 5.773292529625644E-1
5222 5114 5.127300107357213E-1
5222 5115 6.474623904406107E-1
5222 5116 5.96236118614581E-1
5222 5221 5.966842050691046E-1
5222 5222 -3.485664070223112
5222 5223 5.567191329399848E-1
5222 5323 5.758322124231094E-1
5223 5116 2.3914564773897268E-1
5223 5222 5.567191329399848E-1
5223 5223 -1.6477530394530615
5223 5323 5.632131267553846E-1
5223 5324 2.8867513201871947E-1
5264 5161 5.453326789407684E-1
5264 5162 6.080495684208551E-1
5264 5163 6.198313311019416E-1
5264 5210 5.773516619081287E-1
5264 5264 -3.467394468256215
5264 5265 5.396863048288084E-1
5264 5310 5.771429230557126E-1
5265 5163 6.210351513558126E-1
5265 5264 5.396863048288084E-1
5265 5265 -3.467056774592681
5265 5266 6.021670654030059E-1
5265 5310 5.778244125246649E-1
5265 5311 5.765817910839075E-1
5265 5365 5.497620493964818E-1
5266 5163 3.966206439948629E-1
5266 5164 7.126875253867162E-1
5266 5265 6.021670654030059E-1
5266 5266 -3.5258647854416516
5266 5267 6.191134763034212E-1
5266 5365 7.26234348051898E-1
5266 5366 4.690417263017476E-1
5267 5164 6.328971298697077E-1
5267 5165 2.0546142076006219E-1
5267 5266 6.191134763034212E-1
5267 5267 -3.608069126607354
5267 5268 9.428396797359797E-1
5267 5366 5.623414099560822E-1
5267 5367 6.454160099821012E-1
5268 5165 6.305079279627921E-1
5268 5166 8.545673216664986E-1
5268 5267 9.428396797359797E-1
5268 5268 -3.7212970876185536
5268 5269 8.571462137829274E-1
5268 5367 4.3623594447035585E-1
5269 5166 7.452365882348444E-2
5269 5268 8.571462137829274E-1
5269 5269 -1.7225998990707119
5269 5367 5.791619066636245E-1
5269 5368 2.1176811980067534E-1
5310 5210 5.772983783679959E-1
5310 5211 5.77496659534875E-1
5310 5264 5.771429230557126E-1
5310 5265 5.778244125246649E-1
5310 5310 -3.4641017858924372
5310 5311 5.770725168313295E-1
5310 5312 5.772668955778593E-1
5311 5265 5.765817910839075E-1
5311 5310 5.770725168313295E-1
5311 5311 -3.4641067649573585
5311 5312 5.776688195313182E-1
5311 5365 5.794284272939567E-1
5311 5408 5.777431993080301E-1
5311 5409 5.756120109088166E-1
5312 5211 5.772582927367422E-1
5312 5212 5.77421726355744E-1
5312 5310 5.772668955778593E-1
5312 5311 5.776688195313182E-1
5312 5312 -3.4641017293757215
5312 5313 5.774355839449564E-1
5312 5408 5.770504112291013E-1
5313 5212 5.772781697226586E-1
5313 5213 5.773421007412312E-1
5313 5312 5.774355839449564E-1
5313 5313 -3.4641016266934894
5313 5314 5.773502903578158E-1
5313 5408 5.77407206145536E-1
5313 5451 5.772882757812912E-1
5314 5213 5.773502453950273E-1
5314 5313 5.773502903578158E-1
5314 5314 -3.4641016151377553
5314 5315 5.773502693680059E-1
5314 5451 5.773502661877471E-1
5314 5452 5.773502593229377E-1
5314 5453 5.773502845062216E-1
5315 5213 5.773503765390383E-1
5315 5214 5.77350092855177E-1
5315 5215 5.773503831670561E-1
5315 5314 5.773502693680059E-1
5315 5315 -3.4641016151377855
5315 5316 5.773502548731513E-1
5315 5453 5.773502383353565E-1
5316 5215 5.773513066440537E-1
5316 5315 5.773502548731513E-1
5316 5316 -3.464101615198035
5316 5317 5.773409039551792E-1
5316 5453 5.773496226053444E-1
5316 5454 5.773529292517932E-1
5316 5455 5.773565978685132E-1
5317 5215 5.773567242841673E-1
5317 5216 5.773545011547939E-1
5317 5316 5.773409039551792E-1
5317 5317 -3.464101616208192
5317 5318 5.773130721151438E-1
5317 5455 5.773568239954996E-1
5317 5456 5.77379590703408E-1
5318 5216 5.773610739635464E-1
5318 5217 5.773813718883274E-1
5318 5218 5.772744005052961E-1
5318 5317 5.773130721151438E-1
5318 5318 -3.464101629904188
5318 5319 5.773909650775257E-1
5318 5456 5.773807463543481E-1
5319 5218 5.775629483933091E-1
5319 5318 5.773909650775257E-1
5319 5319 -3.464232693595441
5319 5320 5.735462660457021E-1
5319 5456 5.763186299056204E-1
5319 5457 5.694748982918068E-1
5319 5458 5.89938985881477E-1
5320 5218 5.785323072875554E-1
5320 5219 5.780820271384286E-1
5320 5319 5.735462660457021E-1
5320 5320 -3.4641884771719824
5320 5321 5.736878886144471E-1
5320 5458 5.744015006218779E-1
5320 5459 5.85938487463971E-1
5321 5219 5.866734477505757E-1
5321 5220 5.78384695448821E-1
5321 5221 5.540101816151399E-1
5321 5320 5.736878886144471E-1
5321 5321 -3.464620244383772
5321 5322 5.982344731829461E-1
5321 5459 5.736295577718422E-1
5322 5221 5.706549454854342E-1
5322 5321 5.982344731829461E-1
5322 5322 -3.4835736331469254
5322 5323 5.632931552045456E-1
5322 5459 6.396261308009343E-1
5322 5460 4.373351773364223E-1
5322 5461 6.744297511366428E-1
5323 5221 5.773292529625644E-1
5323 5222 5.758322124231094E-1
5323 5223 5.632131267553846E-1
5323 5322 5.632931552045456E-1
5323 5323 -3.465334338866703
5323 5324 5.793459726903604E-1
5323 5461 6.063206188307384E-1
5324 5223 2.8867513201871947E-1
5324 5323 5.793459726903604E-1
5324 5324 -1.6473589082855566
5324 5461 5.049105482378571E-1
5324 5462 2.744272553386198E-1
5365 5265 5.497620493964818E-1
5365 5266 7.26234348051898E-1
5365 5311 5.794284272939567E-1
5365 5365 -3.5041280783762843
5365 5366 3.967686496506828E-1
5365 5409 5.74891946517586E-1
5365 5410 6.770426574656792E-1
5366 5266 4.690417263017476E-1
5366 5267 5.623414099560822E-1
5366 5365 3.967686496506828E-1
5366 5366 -3.3899384069261305
5366 5367 4.347781169924456E-1
5366 5410 5.277722308956269E-1
5366 5411 5.874821058198247E-1
5366 5412 4.117541673097207E-1
5367 5267 6.454160099821012E-1
5367 5268 4.3623594447035585E-1
5367 5269 5.791619066636245E-1
5367 5366 4.347781169924456E-1
5367 5367 -3.522134069110484
5367 5368 6.57189489474598E-1
5367 5412 7.693526015273588E-1
5368 5269 2.1176811980067534E-1
5368 5367 6.57189489474598E-1
5368 5368 -1.6577279320863867
5368 5412 5.000951882162987E-1
5368 5413 2.8867513459481453E-1
5408 5311 5.777431993080301E-1
5408 5312 5.770504112291013E-1
5408 5313 5.77407206145536E-1
5408 5408 -3.4641017808060814
5408 5409 5.771074368849802E-1
5408 5451 5.774432634494066E-1
5408 5503 5.773502637890271E-1
5409 5311 5.756120109088166E-1
5409 5365 5.74891946517586E-1
5409 5408 5.771074368849802E-1
5409 5409 -3.4643299671627306
5409 5410 5.928324693031675E-1
5409 5503 5.773812680949316E-1
5409 5504 5.66504835453248E-1
5410 5365 6.770426574656792E-1
5410 5366 5.277722308956269E-1
5410 5409 5.928324693031675E-1
5410 5410 -3.481859404766711
5410 5411 5.143365016961299E-1
5410 5504 5.611344284605833E-1
5410 5505 6.087411169455241E-1
5411 5366 5.874821058198247E-1
5411 5410 5.143365016961299E-1
5411 5411 -3.5200344823109995
5411 5412 7.149755465472347E-1
5411 5505 6.401620968181925E-1
5411 5506 6.556925754957359E-1
5411 5542 4.073856559338818E-1
5412 5366 4.117541673097207E-1
5412 5367 7.693526015273588E-1
5412 5368 5.000951882162987E-1
5412 5411 7.149755465472347E-1
5412 5412 -3.610894454399395
5412 5413 3.3179396603502764E-1
5412 5542 8.829229847637545E-1
5413 5368 2.8867513459481453E-1
5413 5412 3.3179396603502764E-1
5413 5413 -1.767281570481151
5413 5507 1.7513107682788406E-1
5413 5542 9.716813930234248E-1
5451 5313 5.772882757812912E-1
5451 5314 5.773502661877471E-1
5451 5408 5.774432634494066E-1
5451 5451 -3.464101623458274
5451 5452 5.773502755030834E-1
5451 5503 5.773192765856066E-1
5451 5543 5.773502659511398E-1
5452 5314 5.773502593229377E-1
5452 5451 5.773502755030834E-1
5452 5452 -3.464101615137755
5452 5453 5.773502739594134E-1
5452 5543 5.773502692482463E-1
5452 5544 5.773502670779098E-1
5452 5545 5.773502700261643E-1
5453 5314 5.773502845062216E-1
5453 5315 5.773502383353565E-1
5453 5316 5.773496226053444E-1
5453 5452 5.773502739594134E-1
5453 5453 -3.4641016151385875
5453 5454 5.773507177112095E-1
5453 5545 5.773504780210421E-1
5454 5316 5.773529292517932E-1
5454 5453 5.773507177112095E-1
5454 5454 -3.464101615180268
5454 5455 5.773451341057994E-1
5454 5545 5.773491871841978E-1
5454 5546 5.773488761286947E-1
5454 5547 5.773547707985732E-1
5455 5316 5.773565978685132E-1
5455 5317 5.773568239954996E-1
5455 5454 5.773451341057994E-1
5455 5455 -3.4641020631115627
5455 5456 5.770817149703602E-1
5455 5547 5.769108778393648E-1
5455 5548 5.780509143320256E-1
5456 5317 5.77379590703408E-1
5456 5318 5.773807463543481E-1
5456 5319 5.763186299056204E-1
5456 5455 5.770817149703602E-1
5456 5456 -3.464107668085038
5456 5457 5.801698044615613E-1
5456 5548 5.757771816897395E-1
5457 5319 5.694748982918068E-1
5457 5456 5.801698044615613E-1
5457 5457 -3.4641851603104175
5457 5458 5.844892462136753E-1
5457 5548 5.778865584464217E-1
5457 5549 5.742595075010706E-1
5457 5550 5.779051453958814E-1
5458 5319 5.89938985881477E-1
5458 5320 5.744015006218779E-1
5458 5457 5.844892462136753E-1
5458 5458 -3.467290927870771
5458 5459 5.523012154306305E-1
5458 5550 5.389613480046336E-1
5458 5551 6.271986317184772E-1
5459 5320 5.85938487463971E-1
5459 5321 5.736295577718422E-1
5459 5322 6.396261308009343E-1
5459 5458 5.523012154306305E-1
5459 5459 -3.4702780761190857
5459 5460 5.444699976492244E-1
5459 5551 5.743126870024833E-1
5460 5322 4.373351773364223E-1
5460 5459 5.444699976492244E-1
5460 5460 -3.4223107812597653
5460 5461 4.259324773457192E-1
5460 5551 4.682909280334856E-1
5460 5552 5.391317671673077E-1
5460 5553 3.114869038579793E-1
5460 5554 6.956635298696271E-1
5461 5322 6.744297511366428E-1
5461 5323 6.063206188307384E-1
5461 5324 5.049105482378571E-1
5461 5460 4.259324773457192E-1
5461 5461 -3.5207880159314784
5461 5462 5.523099470282102E-1
5461 5554 7.568846733523105E-1
5462 5324 2.744272553386198E-1
5462 5461 5.523099470282102E-1
5462 5462 -1.682512713162542
5462 5554 7.154419003733152E-1
5462 5555 1.4033361042239656E-1
5503 5408 5.773502637890271E-1
5503 5409 5.773812680949316E-1
5503 5451 5.773192765856066E-1
5503 5503 -3.4641016184656066
5503 5504 5.773502690503687E-1
5503 5543 5.773502716160452E-1
5503 5594 5.77350269329627E-1
5504 5409 5.66504835453248E-1
5504 5410 5.611344284605833E-1
5504 5503 5.773502690503687E-1
5504 5504 -3.4659922331003763
5504 5505 6.137702420180167E-1
5504 5594 5.533622090247134E-1
5504 5642 5.938702490934462E-1
5505 5410 6.087411169455241E-1
5505 5411 6.401620968181925E-1
5505 5504 6.137702420180167E-1
5505 5505 -3.4965063609166274
5505 5506 3.9898664520955335E-1
5505 5642 5.010317717486976E-1
5505 5643 7.338144881766433E-1
5506 5411 6.556925754957359E-1
5506 5505 3.9898664520955335E-1
5506 5506 -3.7232407528629103
5506 5507 1.9134476914006582E-1
5506 5542 9.910724123145634E-1
5506 5643 4.5591773973907707E-1
5506 5644 1.0302266109639147
5507 5413 1.7513107682788406E-1
5507 5506 1.9134476914006582E-1
5507 5507 -1.6109091389192618
5507 5542 5.293650725842544E-1
5507 5644 5.396322152384901E-1
5507 5645 1.7543600512856738E-1
5542 5411 4.073856559338818E-1
5542 5412 8.829229847637545E-1
5542 5413 9.716813930234248E-1
5542 5506 9.910724123145634E-1
5542 5507 5.293650725842544E-1
5542 5542 -3.7824275186198792
5543 5451 5.773502659511398E-1
5543 5452 5.773502692482463E-1
5543 5503 5.773502716160452E-1
5543 5543 -3.464101615137755
5543 5544 5.77350270564561E-1
5543 5594 5.773502688552089E-1
5543 5595 5.773502689025536E-1
5544 5452 5.773502670779098E-1
5544 5543 5.77350270564561E-1
5544 5544 -3.464118817021488
5544 5545 5.773502703881612E-1
5544 5595 5.759498474245471E-1
5544 5596 5.815859377462873E-1
5544 5597 5.74532223820021E-1
5545 5452 5.773502700261643E-1
5545 5453 5.773504780210421E-1
5545 5454 5.773491871841978E-1
5545 5544 5.773502703881612E-1
5545 5545 -3.4641016151391453
5545 5546 5.773511404788922E-1
5545 5597 5.773502690406875E-1
5546 5454 5.773488761286947E-1
5546 5545 5.773511404788922E-1
5546 5546 -3.4641016151395467
5546 5547 5.773506855476382E-1
5546 5597 5.773502693491426E-1
5546 5598 5.773502690581133E-1
5546 5599 5.773503745770663E-1
5547 5454 5.773547707985732E-1
5547 5455 5.769108778393648E-1
5547 5546 5.773506855476382E-1
5547 5547 -3.464101998701623
5547 5548 5.779674423371455E-1
5547 5599 5.773503064690366E-1
5547 5600 5.771679157098644E-1
5548 5455 5.780509143320256E-1
5548 5456 5.757771816897395E-1
5548 5457 5.778865584464217E-1
5548 5547 5.779674423371455E-1
5548 5548 -3.464108354835022
5548 5549 5.791730967802861E-1
5548 5600 5.752531612494034E-1
5549 5457 5.742595075010706E-1
5549 5548 5.791730967802861E-1
5549 5549 -3.4652451953689942
5549 5550 5.606920700259121E-1
5549 5600 5.739067249457359E-1
5549 5601 5.587053160524675E-1
5549 5602 6.185084800635225E-1
5550 5457 5.779051453958814E-1
5550 5458 5.389613480046336E-1
5550 5549 5.606920700259121E-1
5550 5550 -3.46863120808102
5550 5551 6.180100716832084E-1
5550 5602 5.425738552949468E-1
5550 5603 6.304887176764379E-1
5551 5458 6.271986317184772E-1
5551 5459 5.743126870024833E-1
5551 5460 4.682909280334856E-1
5551 5550 6.180100716832084E-1
5551 5551 -3.5364826089762342
5551 5552 8.560420534223188E-1
5551 5603 3.926282371162612E-1
5552 5460 5.391317671673077E-1
5552 5551 8.560420534223188E-1
5552 5552 -3.701521132402543
5552 5553 9.34766527381609E-1
5552 5603 8.232073186614921E-1
5552 5604 5.483734657698157E-1
5553 5460 3.114869038579793E-1
5553 5552 9.34766527381609E-1
5553 5553 -3.591760356571217
5553 5554 7.569084906005997E-1
5553 5555 5.588924892888005E-1
5553 5604 4.621092432354799E-1
5553 5605 5.675967022067485E-1
5554 5460 6.956635298696271E-1
5554 5461 7.568846733523105E-1
5554 5462 7.154419003733152E-1
5554 5553 7.569084906005997E-1
5554 5554 -3.6414063624414474
5554 5555 7.165077682455947E-1
5555 5462 1.4033361042239656E-1
5555 5553 5.588924892888005E-1
5555 5554 7.165077682455947E-1
5555 5555 -1.6834868595828838
5555 5605 2.67752991626092E-1
5594 5503 5.77350269329627E-1
5594 5504 5.533622090247134E-1
5594 5543 5.773502688552089E-1
5594 5594 -3.4651765862454607
5594 5595 5.773502694747084E-1
5594 5642 6.08520546697936E-1
5594 5677 5.712430228632667E-1
5595 5543 5.773502689025536E-1
5595 5544 5.759498474245471E-1
5595 5594 5.773502694747084E-1
5595 5595 -3.4647156194773956
5595 5596 5.603499721794234E-1
5595 5677 5.691571226944627E-1
5595 5712 6.045581388017005E-1
5596 5544 5.815859377462873E-1
5596 5595 5.603499721794234E-1
5596 5596 -3.46467869261234
5596 5597 5.815859383020815E-1
5596 5712 6.00553528064231E-1
5596 5713 5.710386177247219E-1
5596 5714 5.695646985955951E-1
5597 5544 5.74532223820021E-1
5597 5545 5.773502690406875E-1
5597 5546 5.773502693491426E-1
5597 5596 5.815859383020815E-1
5597 5597 -3.4641188170235893
5597 5598 5.773502691710763E-1
5597 5714 5.759498473405806E-1
5598 5546 5.773502690581133E-1
5598 5597 5.773502691710763E-1
5598 5598 -3.4652030851208613
5598 5599 5.677622919950027E-1
5598 5714 5.557921601526183E-1
5598 5715 6.132894804507385E-1
5598 5716 5.736586142933122E-1
5599 5546 5.773503745770663E-1
