%%MatrixMarket matrix coordinate real general
%
6714 6714 1662
2467 2467 -1.6974800108020793
2467 2468 2.3914564127240612E-1
2467 2520 1.0995170789480219E-1
2467 2521 7.521465382925063E-1
2467 2522 5.96236123342365E-1
2468 2467 2.3914564127240612E-1
2468 2468 -1.6477530400458007
2468 2469 2.8867513459481453E-1
2468 2522 5.567191358870045E-1
2468 2523 5.632131282915754E-1
2469 2468 2.8867513459481453E-1
2469 2469 -1.647358908757523
2469 2470 2.7442725233848475E-1
2469 2523 5.793459738257152E-1
2469 2524 5.049105479985089E-1
2470 2469 2.7442725233848475E-1
2470 2470 -1.682512714948627
2470 2524 5.523099508472258E-1
2470 2525 7.154419060879323E-1
2470 2526 1.4033360567498415E-1
2520 2467 1.0995170789480219E-1
2520 2520 -1.7164690439735688
2520 2521 8.512794639188006E-1
2520 2616 3.0666605674336084E-1
2520 2617 4.485718154166053E-1
2521 2467 7.521465382925063E-1
2521 2520 8.512794639188006E-1
2521 2521 -3.661986930866734
2521 2522 6.474623844838512E-1
2521 2617 6.221908069757296E-1
2521 2618 7.889077371958466E-1
2522 2467 5.96236123342365E-1
2522 2468 5.567191358870045E-1
2522 2521 6.474623844838512E-1
2522 2522 -3.4856640701994714
2522 2523 5.758322082199467E-1
2522 2618 5.127300131982099E-1
2522 2619 5.96684205068094E-1
2523 2468 5.632131282915754E-1
2523 2469 5.793459738257152E-1
2523 2522 5.758322082199467E-1
2523 2523 -3.465334338752303
2523 2524 6.06320617918058E-1
2523 2619 5.773292555953045E-1
2523 2620 5.632931549017028E-1
2524 2469 5.049105479985089E-1
2524 2470 5.523099508472258E-1
2524 2523 6.06320617918058E-1
2524 2524 -3.520788015070605
2524 2525 7.568846685712081E-1
2524 2620 6.74429751909496E-1
2524 2621 4.2593247782610816E-1
2525 2470 7.154419060879323E-1
2525 2524 7.568846685712081E-1
2525 2525 -3.6414063629104874
2525 2526 7.165077641911921E-1
2525 2621 6.956635320309107E-1
2525 2622 7.56908492029244E-1
2526 2470 1.4033360567498415E-1
2526 2525 7.165077641911921E-1
2526 2526 -1.683486860181005
2526 2527 2.67752993815677E-1
2526 2622 5.58892496499152E-1
2527 2526 2.67752993815677E-1
2527 2527 -1.6538999288141187
2527 2528 3.386237703516647E-1
2527 2622 5.675966988145941E-1
2527 2623 4.7992646583218296E-1
2528 2527 3.386237703516647E-1
2528 2528 -1.723501158271228
2528 2623 4.2884233778707553E-1
2528 2624 8.450402736497038E-1
2528 2625 1.1099477648278405E-1
2616 2520 3.0666605674336084E-1
2616 2616 -1.6600004883440298
2616 2617 4.7576094087741305E-1
2616 2758 2.153377558475691E-1
2616 2759 6.622357348756869E-1
2617 2520 4.485718154166053E-1
2617 2521 6.221908069757296E-1
2617 2616 4.7576094087741305E-1
2617 2617 -3.455586198017117
2617 2618 4.118456293908985E-1
2617 2759 7.668518445902821E-1
2617 2760 3.05619730515023E-1
2617 2761 4.2474543025116573E-1
2618 2521 7.889077371958466E-1
2618 2522 5.127300131982099E-1
2618 2617 4.118456293908985E-1
2618 2618 -3.529989842999469
2618 2619 5.700635109017119E-1
2618 2761 6.895703465435399E-1
2618 2762 5.568726057692621E-1
2619 2522 5.96684205068094E-1
2619 2523 5.773292555953045E-1
2619 2618 5.700635109017119E-1
2619 2619 -3.465820924555266
2619 2620 5.706549443727293E-1
2619 2762 5.970788293456148E-1
2619 2763 5.540101792718111E-1
2620 2523 5.632931549017028E-1
2620 2524 6.74429751909496E-1
2620 2619 5.706549443727293E-1
2620 2620 -3.483573633213951
2620 2621 4.373351773987754E-1
2620 2763 5.982344746424535E-1
2620 2764 6.39626129988794E-1
2621 2524 4.2593247782610816E-1
2621 2525 6.956635320309107E-1
2621 2620 4.373351773987754E-1
2621 2621 -3.4223107822914356
2621 2622 3.1148690210626784E-1
2621 2764 5.444700016145472E-1
2621 2765 4.6829091824800223E-1
2621 2790 5.391317730668238E-1
2622 2525 7.56908492029244E-1
2622 2526 5.58892496499152E-1
2622 2527 5.675966988145941E-1
2622 2621 3.1148690210626784E-1
2622 2622 -3.5917603576567405
2622 2623 4.6210923968131634E-1
2622 2790 9.347665285261666E-1
2623 2527 4.7992646583218296E-1
2623 2528 4.2884233778707553E-1
2623 2622 4.6210923968131634E-1
2623 2623 -3.4106950602706796
2623 2624 6.288000476938401E-1
2623 2766 4.7329637902618543E-1
2623 2767 3.893471227764195E-1
2623 2790 5.483734674736598E-1
2624 2528 8.450402736497038E-1
2624 2623 6.288000476938401E-1
2624 2624 -3.66777714306277
2624 2625 7.863110058159644E-1
2624 2767 8.409248048686853E-1
2624 2768 5.667010110345765E-1
2625 2528 1.1099477648278405E-1
2625 2624 7.863110058159644E-1
2625 2625 -1.6985833883051993
2625 2626 2.4408235827673913E-1
2625 2768 5.57195247729712E-1
2626 2625 2.4408235827673913E-1
2626 2626 -1.6473894354892753
2626 2768 5.692237335069927E-1
2626 2769 5.507408410635399E-1
2626 2770 2.8334250264200356E-1
2757 2757 -1.6854651385695223
2757 2758 3.8427632687453256E-1
2757 2815 1.7182277215573322E-1
2757 2816 6.714869919965374E-1
2757 2817 4.5787904754271913E-1
2758 2616 2.153377558475691E-1
2758 2757 3.8427632687453256E-1
2758 2758 -1.7085397321734987
2758 2759 7.83080931679909E-1
2758 2817 3.2584471777148805E-1
2759 2616 6.622357348756869E-1
2759 2617 7.668518445902821E-1
2759 2758 7.83080931679909E-1
2759 2759 -3.6602855089307895
2759 2760 8.389682830258502E-1
2759 2817 6.091487147590616E-1
2760 2617 3.05619730515023E-1
2760 2759 8.389682830258502E-1
2760 2760 -3.561220132974631
2760 2761 7.55793130984794E-1
2760 2817 4.735132735538879E-1
2760 2818 5.961202855787062E-1
2760 2819 5.912054293163694E-1
2761 2617 4.2474543025116573E-1
2761 2618 6.895703465435399E-1
2761 2760 7.55793130984794E-1
2761 2761 -3.5050587637192336
2761 2762 5.722325080591093E-1
2761 2819 5.319330499993679E-1
2761 2820 5.307842978812572E-1
2762 2618 5.568726057692621E-1
2762 2619 5.970788293456148E-1
2762 2761 5.722325080591093E-1
2762 2762 -3.4654184003981636
2762 2763 5.783846951191167E-1
2762 2820 6.03473756479042E-1
2762 2821 5.573760056260187E-1
2763 2619 5.540101792718111E-1
2763 2620 5.982344746424535E-1
2763 2762 5.783846951191167E-1
2763 2763 -3.4646202444754772
2763 2764 5.736295576750542E-1
2763 2821 5.866734492106798E-1
2763 2822 5.73687888556362E-1
2764 2620 6.39626129988794E-1
2764 2621 5.444700016145472E-1
2764 2763 5.736295576750542E-1
2764 2764 -3.4702780760351644
2764 2765 5.743126882923224E-1
2764 2822 5.859384910108405E-1
2764 2823 5.523012074536062E-1
2765 2621 4.6829091824800223E-1
2765 2764 5.743126882923224E-1
2765 2765 -3.53648260767249
2765 2766 3.9262825779299526E-1
2765 2790 8.56042055322608E-1
2765 2823 6.271986499071975E-1
2765 2824 6.180100381093643E-1
2766 2623 4.7329637902618543E-1
2766 2765 3.9262825779299526E-1
2766 2766 -3.524927979451931
2766 2767 6.47686618195096E-1
2766 2790 8.232073060827423E-1
2766 2824 6.304887147104646E-1
2766 2825 5.576207036444474E-1
2767 2623 3.893471227764195E-1
2767 2624 8.409248048686853E-1
2767 2766 6.47686618195096E-1
2767 2767 -3.5314139837351557
2767 2768 5.526818291443554E-1
2767 2825 6.284052574816886E-1
2767 2826 4.7236835126891086E-1
2768 2624 5.667010110345765E-1
2768 2625 5.57195247729712E-1
2768 2626 5.692237335069927E-1
2768 2767 5.526818291443554E-1
2768 2768 -3.4809907502466375
2768 2769 6.334772576223775E-1
2768 2826 6.017116712086233E-1
2769 2626 5.507408410635399E-1
2769 2768 6.334772576223775E-1
2769 2769 -3.478496569691893
2769 2770 5.973903364370782E-1
2769 2826 5.728329855139291E-1
2769 2827 4.532668369336821E-1
2769 2828 6.707883121212861E-1
2770 2626 2.8334250264200356E-1
2770 2769 5.973903364370782E-1
2770 2770 -1.6523192822864439
2770 2828 4.5531756012426156E-1
2770 2829 3.162688830831007E-1
2790 2621 5.391317730668238E-1
2790 2622 9.347665285261666E-1
2790 2623 5.483734674736598E-1
2790 2765 8.56042055322608E-1
2790 2766 8.232073060827423E-1
2790 2790 -3.7015211304720004
2815 2757 1.7182277215573322E-1
2815 2815 -1.685796480506606
2815 2816 7.685025218794493E-1
2815 2960 2.2362399649643994E-1
2815 2961 5.218471899749832E-1
2816 2757 6.714869919965374E-1
2816 2815 7.685025218794493E-1
2816 2816 -3.6729803106720182
2816 2817 8.295209816653888E-1
2816 2961 6.79521510338579E-1
2816 2962 7.239483047920635E-1
2817 2757 4.5787904754271913E-1
2817 2758 3.2584471777148805E-1
2817 2759 6.091487147590616E-1
2817 2760 4.735132735538879E-1
2817 2816 8.295209816653888E-1
2817 2817 -3.4865058988691695
2817 2818 5.756124623064023E-1
2817 2962 2.1498670127022254E-1
2818 2760 5.961202855787062E-1
2818 2817 5.756124623064023E-1
2818 2818 -3.4885383535656733
2818 2819 5.923403447205308E-1
2818 2962 5.811473817880941E-1
2818 2963 5.001536492827727E-1
2818 2964 6.431642298891667E-1
2819 2760 5.912054293163694E-1
2819 2761 5.319330499993679E-1
2819 2818 5.923403447205308E-1
2819 2819 -3.4672093190523823
2819 2820 6.175923657569793E-1
2819 2964 5.556034769021845E-1
2819 2965 5.785346523569503E-1
2820 2761 5.307842978812572E-1
2820 2762 6.03473756479042E-1
2820 2819 6.175923657569793E-1
2820 2820 -3.4666355335551917
2820 2821 5.829120887760503E-1
2820 2965 5.685458976000367E-1
2820 2966 5.633271270618264E-1
2821 2762 5.573760056260187E-1
2821 2763 5.866734492106798E-1
2821 2820 5.829120887760503E-1
2821 2821 -3.464381066890875
2821 2822 5.780820264907134E-1
2821 2966 5.836968584165119E-1
2821 2967 5.756406383709013E-1
2822 2763 5.73687888556362E-1
2822 2764 5.859384910108405E-1
2822 2821 5.780820264907134E-1
2822 2822 -3.464188477248646
2822 2823 5.744014979875496E-1
2822 2967 5.785323077584935E-1
2822 2968 5.735462654446867E-1
2823 2764 5.523012074536062E-1
2823 2765 6.271986499071975E-1
2823 2822 5.744014979875496E-1
2823 2823 -3.467290569951274
2823 2824 5.39001813500916E-1
2823 2968 5.899562847014854E-1
2823 2969 5.844311164005189E-1
2824 2765 6.180100381093643E-1
2824 2766 6.304887147104646E-1
2824 2823 5.39001813500916E-1
2824 2824 -3.4686309358925915
2824 2825 5.425739551150963E-1
2824 2969 5.778418049615266E-1
2824 2970 5.607146094952236E-1
2825 2766 5.576207036444474E-1
2825 2767 6.284052574816886E-1
2825 2824 5.425739551150963E-1
2825 2825 -3.46832691269365
2825 2826 5.748383497677454E-1
2825 2970 6.185083930404416E-1
2825 2971 5.463802536442304E-1
2826 2767 4.7236835126891086E-1
2826 2768 6.017116712086233E-1
2826 2769 5.728329855139291E-1
2826 2825 5.748383497677454E-1
2826 2826 -3.4727501435427395
2826 2827 6.291348898106709E-1
2826 2971 6.218638959728602E-1
2827 2769 4.532668369336821E-1
2827 2826 6.291348898106709E-1
2827 2827 -3.4814293631341595
2827 2828 6.680931197178988E-1
2827 2971 5.443960546802851E-1
2827 2972 5.219558824690222E-1
2827 2973 6.645825795226001E-1
2828 2769 6.707883121212861E-1
2828 2770 4.5531756012426156E-1
2828 2827 6.680931197178988E-1
2828 2828 -3.5158692663378894
2828 2829 5.824889033666854E-1
2828 2973 3.646123087895987E-1
2828 2974 7.74569062218159E-1
2829 2770 3.162688830831007E-1
2829 2828 5.824889033666854E-1
2829 2829 -1.6519708682533836
2829 2974 4.6775520453674296E-1
2829 2975 2.854578772668546E-1
2960 2815 2.2362399649643994E-1
2960 2960 -1.6554499012569934
2960 2961 5.981630645001448E-1
2960 3065 2.1794045607740692E-1
2960 3066 6.157223841830016E-1
2961 2815 5.218471899749832E-1
2961 2816 6.79521510338579E-1
2961 2960 5.981630645001448E-1
2961 2961 -3.487223358175312
2961 2962 4.8604337941437975E-1
2961 3066 5.603700226913414E-1
2961 3067 6.412781912558831E-1
2962 2816 7.239483047920635E-1
2962 2817 2.1498670127022254E-1
2962 2818 5.811473817880941E-1
2962 2961 4.8604337941437975E-1
2962 2962 -3.623835021545621
2962 2963 8.335165866095675E-1
2962 3067 7.841926676712935E-1
2963 2818 5.001536492827727E-1
2963 2962 8.335165866095675E-1
2963 2963 -3.5250344513311718
2963 2964 5.56304619112646E-1
2963 3067 3.844767249727899E-1
2963 3068 6.400757377065021E-1
2963 3069 6.105071336468931E-1
2964 2818 6.431642298891667E-1
2964 2819 5.556034769021845E-1
2964 2963 5.56304619112646E-1
2964 2964 -3.4669552553437737
2964 2965 5.773482567715195E-1
2964 3069 5.571800034555642E-1
2964 3070 5.773546692126932E-1
2965 2819 5.785346523569503E-1
2965 2820 5.685458976000367E-1
2965 2964 5.773482567715195E-1
2965 2965 -3.4642051340388074
2965 2966 5.850985566093603E-1
2965 3070 5.773244450489772E-1
2965 3071 5.773533256519634E-1
2966 2820 5.633271270618264E-1
2966 2821 5.836968584165119E-1
2966 2965 5.850985566093603E-1
2966 2966 -3.4642705551591906
2966 2967 5.776621444936434E-1
2966 3071 5.77303908930038E-1
2966 3072 5.771819596478109E-1
2967 2821 5.756406383709013E-1
2967 2822 5.785323077584935E-1
2967 2966 5.776621444936434E-1
2967 2967 -3.4641037460071225
2967 2968 5.775629487231746E-1
2967 3072 5.774313077014237E-1
2967 3073 5.772743989594862E-1
2968 2822 5.735462654446867E-1
2968 2823 5.899562847014854E-1
2968 2967 5.775629487231746E-1
2968 2968 -3.4642325965303
2968 2969 5.694803745703846E-1
2968 3073 5.773911060808317E-1
2968 3074 5.762956170097367E-1
2969 2823 5.844311164005189E-1
2969 2824 5.778418049615266E-1
2969 2968 5.694803745703846E-1
2969 2969 -3.4641849075092943
2969 2970 5.741612573237548E-1
2969 3074 5.801963779781136E-1
2969 3075 5.780739762749958E-1
2970 2824 5.607146094952236E-1
2970 2825 6.185083930404416E-1
2970 2969 5.741612573237548E-1
2970 2970 -3.4652454900310197
2970 2971 5.587054802535953E-1
2970 3075 5.793051472831838E-1
2970 3076 5.738506026348207E-1
2971 2825 5.463802536442304E-1
2971 2826 6.218638959728602E-1
2971 2827 5.443960546802851E-1
2971 2970 5.587054802535953E-1
2971 2971 -3.467134518670788
2971 2972 6.028088272087159E-1
2971 3076 5.929800069111009E-1
2972 2827 5.219558824690222E-1
2972 2971 6.028088272087159E-1
2972 2972 -3.467016418620056
2972 2973 5.945453391165061E-1
2972 3076 5.728032514617736E-1
2972 3077 5.792630116476094E-1
2972 3078 5.956401067164288E-1
2973 2827 6.645825795226001E-1
2973 2828 3.646123087895987E-1
2973 2972 5.945453391165061E-1
2973 2973 -3.510269557717081
2973 2974 7.788940367068851E-1
2973 3078 5.400602624420692E-1
2973 3079 5.675750311394216E-1
2974 2828 7.74569062218159E-1
2974 2829 4.6775520453674296E-1
2974 2973 7.788940367068851E-1
2974 2974 -3.5825748965202173
2974 2975 5.514348104856683E-1
2974 3079 2.4998747862623039E-1
2974 3080 7.599343039465323E-1
2975 2829 2.854578772668546E-1
2975 2974 5.514348104856683E-1
2975 2975 -1.6769435111540623
2975 3080 7.000688726046892E-1
2975 3081 1.399819507968501E-1
3065 2960 2.1794045607740692E-1
3065 3065 -1.6578651435452993
3065 3066 6.350437067748109E-1
3065 3171 1.9886276442467493E-1
3065 3172 6.060182162684066E-1
3066 2960 6.157223841830016E-1
3066 2961 5.603700226913414E-1
3066 3065 6.350437067748109E-1
3066 3066 -3.4720737315844783
3066 3067 5.686889128070864E-1
3066 3172 5.121719097129733E-1
3066 3173 5.800767954152644E-1
3067 2961 6.412781912558831E-1
3067 2962 7.841926676712935E-1
3067 2963 3.844767249727899E-1
3067 3066 5.686889128070864E-1
3067 3067 -3.5174824097638595
3067 3068 4.923614835435851E-1
3067 3173 6.464844295132214E-1
3068 2963 6.400757377065021E-1
3068 3067 4.923614835435851E-1
3068 3068 -3.4825736653468784
3068 3069 5.778039369601422E-1
3068 3173 7.065057531311516E-1
3068 3174 5.216199924302765E-1
3068 3175 5.442067615752206E-1
3069 2963 6.105071336468931E-1
3069 2964 5.571800034555642E-1
3069 3068 5.778039369601422E-1
3069 3069 -3.4665378158992617
3069 3070 5.773502676294187E-1
3069 3175 5.66346203439327E-1
3069 3176 5.773502707679161E-1
3070 2964 5.773546692126932E-1
3070 2965 5.773244450489772E-1
3070 3069 5.773502676294187E-1
3070 3070 -3.4641016159141
3070 3071 5.773754371155957E-1
3070 3176 5.773502709716645E-1
3070 3177 5.773465259357511E-1
3071 2965 5.773533256519634E-1
3071 2966 5.77303908930038E-1
3071 3070 5.773754371155957E-1
3071 3071 -3.4641016262537
3071 3072 5.774102581845848E-1
3071 3177 5.773379402163263E-1
3071 3178 5.773207561551921E-1
3072 2966 5.771819596478109E-1
3072 2967 5.774313077014237E-1
3072 3071 5.774102581845848E-1
3072 3072 -3.4641016406679634
3072 3073 5.773813734797467E-1
3072 3178 5.773639289622252E-1
3072 3179 5.773328126921724E-1
3073 2967 5.772743989594862E-1
3073 2968 5.773911060808317E-1
3073 3072 5.773813734797467E-1
3073 3073 -3.4641016299346234
3073 3074 5.773807737407595E-1
3073 3179 5.77361126757469E-1
3073 3180 5.773128509163303E-1
3074 2968 5.762956170097367E-1
3074 2969 5.801963779781136E-1
3074 3073 5.773807737407595E-1
3074 3074 -3.464108002038069
3074 3075 5.757174078039469E-1
3074 3180 5.773797043637936E-1
3074 3181 5.771381211417184E-1
3075 2969 5.780739762749958E-1
3075 2970 5.793051472831838E-1
3075 3074 5.757174078039469E-1
3075 3075 -3.4641088163817164
3075 3076 5.752727509672815E-1
3075 3181 5.779015494421065E-1
3075 3182 5.778379846102015E-1
3076 2970 5.738506026348207E-1
3076 2971 5.929800069111009E-1
3076 2972 5.728032514617736E-1
3076 3075 5.752727509672815E-1
3076 3076 -3.4643248625081515
3076 3077 5.722139465709235E-1
3076 3182 5.772043039622514E-1
3077 2972 5.792630116476094E-1
3077 3076 5.722139465709235E-1
3077 3077 -3.464283889779545
3077 3078 5.903440992039992E-1
3077 3182 5.773502564517163E-1
3077 3183 5.77350283736831E-1
3077 3184 5.677622921684659E-1
3078 2972 5.956401067164288E-1
3078 2973 5.400602624420692E-1
3078 3077 5.903440992039992E-1
3078 3078 -3.4700776955852755
3078 3079 5.468862607737048E-1
3078 3184 5.736586197572788E-1
3078 3185 6.234883466917949E-1
3079 2973 5.675750311394216E-1
3079 2974 2.4998747862623039E-1
3079 3078 5.468862607737048E-1
3079 3079 -3.437291728738587
3079 3080 7.122390859029536E-1
3079 3185 4.18714540210459E-1
3079 3186 5.473455255736165E-1
3079 3187 3.9454380651220067E-1
3080 2974 7.599343039465323E-1
3080 2975 7.000688726046892E-1
3080 3079 7.122390859029536E-1
3080 3080 -3.6539489686041806
3080 3081 7.480048134629127E-1
3080 3187 7.337018926870926E-1
3081 2975 1.399819507968501E-1
3081 3080 7.480048134629127E-1
3081 3081 -1.6898820272287383
3081 3187 5.649653035108761E-1
3081 3188 2.369299594580993E-1
3171 3065 1.9886276442467493E-1
3171 3171 -1.7088586743744003
3171 3172 6.293180893818167E-1
3171 3279 9.733728424096705E-2
3171 3280 7.833405363269417E-1
3172 3065 6.060182162684066E-1
3172 3066 5.121719097129733E-1
3172 3171 6.293180893818167E-1
3172 3172 -3.501545919440884
3172 3173 6.720349597364582E-1
3172 3280 5.608819418816351E-1
3172 3281 5.211208024595939E-1
3173 3066 5.800767954152644E-1
3173 3067 6.464844295132214E-1
3173 3068 7.065057531311516E-1
3173 3172 6.720349597364582E-1
3173 3173 -3.5128155986414713
3173 3174 5.765878644807929E-1
3173 3281 3.3112579636458284E-1
3174 3068 5.216199924302765E-1
3174 3173 5.765878644807929E-1
3174 3174 -3.478886447553043
3174 3175 6.500890901487846E-1
3174 3281 6.592912129717586E-1
3174 3282 5.213214683292768E-1
3174 3283 5.499768191921539E-1
3175 3068 5.442067615752206E-1
3175 3069 5.66346203439327E-1
3175 3174 6.500890901487846E-1
3175 3175 -3.46756281794922
3175 3176 5.773502607709876E-1
3175 3283 5.522202251425014E-1
3175 3284 5.773502768723993E-1
3176 3069 5.773502707679161E-1
3176 3070 5.773502709716645E-1
3176 3175 5.773502607709876E-1
3176 3176 -3.464101615137755
3176 3177 5.773502603241809E-1
3176 3284 5.773502750091419E-1
3176 3285 5.773502772938637E-1
3177 3070 5.773465259357511E-1
3177 3071 5.773379402163263E-1
3177 3176 5.773502603241809E-1
3177 3177 -3.464101615505329
3177 3178 5.773667943973356E-1
3177 3285 5.773497371022385E-1
3177 3286 5.773503575294963E-1
3178 3071 5.773207561551921E-1
3178 3072 5.773639289622252E-1
3178 3177 5.773667943973356E-1
3178 3178 -3.464101615926091
3178 3179 5.773566582099126E-1
3178 3286 5.773490254616989E-1
3178 3287 5.773444527397267E-1
3179 3072 5.773328126921724E-1
3179 3073 5.77361126757469E-1
3179 3178 5.773566582099126E-1
3179 3179 -3.4641016155826776
3179 3180 5.77354502082662E-1
3179 3287 5.773543063480657E-1
3179 3288 5.773422094923957E-1
3180 3073 5.773128509163303E-1
3180 3074 5.773797043637936E-1
3180 3179 5.77354502082662E-1
3180 3180 -3.464101616206906
3180 3181 5.773565775417955E-1
3180 3288 5.773561661029603E-1
3180 3289 5.773418151993642E-1
3181 3074 5.771381211417184E-1
3181 3075 5.779015494421065E-1
3181 3180 5.773565775417955E-1
3181 3181 -3.4641018923594658
3181 3182 5.770034862354627E-1
3181 3289 5.773562818543785E-1
3181 3290 5.77345876144004E-1
3182 3075 5.778379846102015E-1
3182 3076 5.772043039622514E-1
3182 3077 5.773502564517163E-1
3182 3181 5.770034862354627E-1
3182 3182 -3.464101853377196
3182 3183 5.773510261303848E-1
3182 3290 5.773547959871792E-1
3183 3077 5.77350283736831E-1
3183 3182 5.773510261303848E-1
3183 3183 -3.464101615140419
3183 3184 5.773502693263333E-1
3183 3290 5.773485231603156E-1
3183 3291 5.77351243527849E-1
3183 3292 5.773502692587051E-1
3184 3077 5.677622921684659E-1
3184 3078 5.736586197572788E-1
3184 3183 5.773502693263333E-1
3184 3184 -3.465203084955297
3184 3185 6.13289475006749E-1
3184 3292 5.773502691793528E-1
3184 3293 5.557921595171172E-1
3185 3078 6.234883466917949E-1
3185 3079 4.18714540210459E-1
3185 3184 6.13289475006749E-1
3185 3185 -3.5621199956731853
3185 3186 8.757665207298531E-1
3185 3293 6.776538754949168E-1
3185 3294 3.5320723753941213E-1
3186 3079 5.473455255736165E-1
3186 3185 8.757665207298531E-1
3186 3186 -3.6708270206700493
3186 3187 7.978880427571531E-1
3186 3294 7.486345718467659E-1
3186 3295 7.01192359762661E-1
3187 3079 3.9454380651220067E-1
3187 3080 7.337018926870926E-1
3187 3081 5.649653035108761E-1
3187 3186 7.978880427571531E-1
3187 3187 -3.5347629444166158
3187 3188 5.22913378873739E-1
3187 3295 5.207505200755538E-1
3188 3081 2.369299594580993E-1
3188 3187 5.22913378873739E-1
3188 3188 -1.6524866780570058
3188 3295 6.413144207170041E-1
3188 3296 2.5132891900816345E-1
3279 3171 9.733728424096705E-2
3279 3279 -1.7348142216252525
3279 3280 8.667413007396861E-1
3279 3343 3.4631283787138E-1
3279 3344 4.2442279877321915E-1
3280 3171 7.833405363269417E-1
3280 3172 5.608819418816351E-1
3280 3279 8.667413007396861E-1
3280 3280 -3.690212440863336
3280 3281 9.081766103633389E-1
3280 3344 5.71072051551734E-1
3281 3172 5.211208024595939E-1
3281 3173 3.3112579636458284E-1
3281 3174 6.592912129717586E-1
3281 3280 9.081766103633389E-1
3281 3281 -3.574563448028327
3281 3282 6.71555009867486E-1
3281 3344 4.832940160015668E-1
3282 3174 5.213214683292768E-1
3282 3281 6.71555009867486E-1
3282 3282 -3.538803009331496
3282 3283 6.505932646273571E-1
3282 3344 4.1177379577000245E-1
3282 3345 8.737817237407611E-1
3282 3346 4.097777469966131E-1
3283 3174 5.499768191921539E-1
3283 3175 5.522202251425014E-1
3283 3282 6.505932646273571E-1
3283 3283 -3.468688442329616
3283 3284 5.773502172741638E-1
3283 3346 5.959823280227865E-1
3283 3347 5.42565588070653E-1
3284 3175 5.773502768723993E-1
3284 3176 5.773502750091419E-1
3284 3283 5.773502172741638E-1
3284 3284 -3.46410161513776
3284 3285 5.773502715354693E-1
3284 3347 5.773503401363895E-1
3284 3348 5.773502343101964E-1
3285 3176 5.773502772938637E-1
3285 3177 5.773497371022385E-1
3285 3284 5.773502715354693E-1
3285 3285 -3.4641016151382944
3285 3286 5.773509754749231E-1
3285 3348 5.773502335604966E-1
3285 3349 5.773501201713034E-1
3286 3177 5.773503575294963E-1
3286 3178 5.773490254616989E-1
3286 3285 5.773509754749231E-1
3286 3286 -3.4641016151430044
3286 3287 5.773518736888618E-1
3286 3349 5.773499236758386E-1
3286 3350 5.773494593121864E-1
3287 3178 5.773444527397267E-1
3287 3179 5.773543063480657E-1
3287 3286 5.773518736888618E-1
3287 3287 -3.4641016151676234
3287 3288 5.773500480026362E-1
3287 3350 5.773514396788236E-1
3287 3351 5.773494947095097E-1
3288 3179 5.773422094923957E-1
3288 3180 5.773561661029603E-1
3288 3287 5.773500480026362E-1
3288 3288 -3.4641016151846653
3288 3289 5.773524791887388E-1
3288 3351 5.773508908806538E-1
3288 3352 5.773498215172803E-1
3289 3180 5.773418151993642E-1
3289 3181 5.773562818543785E-1
3289 3288 5.773524791887388E-1
3289 3289 -3.4641016151895156
3289 3290 5.773517477589809E-1
3289 3352 5.773506608406204E-1
3289 3353 5.773486303474329E-1
3290 3181 5.77345876144004E-1
3290 3182 5.773547959871792E-1
3290 3183 5.773485231603156E-1
3290 3289 5.773517477589809E-1
3290 3290 -3.4641016151745196
3290 3291 5.773491007057037E-1
3290 3353 5.773515714183368E-1
3291 3183 5.77351243527849E-1
3291 3290 5.773491007057037E-1
3291 3291 -3.464101615139463
3291 3292 5.773502693257444E-1
3291 3353 5.773504609721802E-1
3291 3354 5.773502700527365E-1
3291 3355 5.773502705552491E-1
3292 3183 5.773502692587051E-1
3292 3184 5.773502691793528E-1
3292 3291 5.773502693257444E-1
3292 3292 -3.464118817018883
3292 3293 5.759498471559054E-1
3292 3355 5.745322243407462E-1
3292 3356 5.815859377584289E-1
3293 3184 5.557921595171172E-1
3293 3185 6.776538754949168E-1
3293 3292 5.759498471559054E-1
3293 3293 -3.486348408986921
3293 3294 4.38752066498116E-1
3293 3356 5.69564703233746E-1
3293 3357 6.686357570871196E-1
3294 3185 3.5320723753941213E-1
3294 3186 7.486345718467659E-1
3294 3293 4.38752066498116E-1
3294 3294 -3.4572246895701046
3294 3295 4.560080082712465E-1
3294 3357 4.1865160917445293E-1
3294 3358 6.769309650146806E-1
3294 3359 3.650402312254304E-1
3295 3186 7.01192359762661E-1
3295 3187 5.207505200755538E-1
3295 3188 6.413144207170041E-1
3295 3294 4.560080082712465E-1
3295 3295 -3.518981142690261
3295 3296 4.536126208973733E-1
3295 3359 7.461032129664226E-1
3296 3188 2.5132891900816345E-1
3296 3295 4.536126208973733E-1
3296 3296 -1.681974080332279
3296 3359 7.797810429611507E-1
3296 3360 1.972514974655914E-1
3343 3279 3.4631283787138E-1
3343 3343 -1.6562230282541641
3343 3344 4.9371929510496604E-1
3343 3506 3.167592593120559E-1
3343 3507 4.994316359657621E-1
3344 3279 4.2442279877321915E-1
3344 3280 5.71072051551734E-1
3344 3281 4.832940160015668E-1
3344 3282 4.1177379577000245E-1
3344 3343 4.9371929510496604E-1
3344 3344 -3.4065768831135905
3344 3345 5.351246666144078E-1
3344 3507 4.871702592976944E-1
3345 3282 8.737817237407611E-1
3345 3344 5.351246666144078E-1
3345 3345 -3.691388890415332
3345 3346 7.267357596235733E-1
3345 3507 9.409222304032636E-1
3345 3508 6.14824510033326E-1
3346 3282 4.097777469966131E-1
3346 3283 5.959823280227865E-1
3346 3345 7.267357596235733E-1
3346 3346 -3.504784492772915
3346 3347 6.32795841118251E-1
3346 3508 5.208495654914569E-1
3346 3509 6.18643251520234E-1
3347 3283 5.42565588070653E-1
3347 3284 5.773503401363895E-1
3347 3346 6.32795841118251E-1
3347 3347 -3.466856309376574
3347 3348 5.773499617309195E-1
3347 3509 5.594439445179386E-1
3347 3510 5.773506338024225E-1
3348 3284 5.773502343101964E-1
3348 3285 5.773502335604966E-1
3348 3347 5.773499617309195E-1
3348 3348 -3.464101615137992
3348 3349 5.773499806446681E-1
3348 3510 5.773506199346763E-1
3348 3511 5.773505849570351E-1
3349 3285 5.773501201713034E-1
3349 3286 5.773499236758386E-1
3349 3348 5.773499806446681E-1
3349 3349 -3.464101615143071
3349 3350 5.773490830347785E-1
3349 3511 5.773497526030826E-1
3349 3512 5.773527550133996E-1
3350 3286 5.773494593121864E-1
3350 3287 5.773514396788236E-1
3350 3349 5.773490830347785E-1
3350 3350 -3.4641016151447785
3350 3351 5.77350394785926E-1
3350 3512 5.773525439517242E-1
3350 3513 5.773486943813402E-1
3351 3287 5.773494947095097E-1
3351 3288 5.773508908806538E-1
3351 3350 5.77350394785926E-1
3351 3351 -3.46410161513863
3351 3352 5.773500931940214E-1
3351 3513 5.773505866063984E-1
3351 3514 5.773501549621209E-1
3352 3288 5.773498215172803E-1
3352 3289 5.773506608406204E-1
3352 3351 5.773500931940214E-1
3352 3352 -3.464101615138355
3352 3353 5.773503938710627E-1
3352 3514 5.773503766635812E-1
3352 3515 5.773502690517887E-1
3353 3289 5.773486303474329E-1
3353 3290 5.773515714183368E-1
3353 3291 5.773504609721802E-1
3353 3352 5.773503938710627E-1
3353 3353 -3.4641016151397532
3353 3354 5.773502739397179E-1
3353 3515 5.773502845910231E-1
3354 3291 5.773502700527365E-1
3354 3353 5.773502739397179E-1
3354 3354 -3.4641016151377553
3354 3355 5.773502670476837E-1
3354 3515 5.773502594747235E-1
3354 3516 5.773502754532196E-1
3354 3517 5.773502691696735E-1
3355 3291 5.773502705552491E-1
3355 3292 5.745322243407462E-1
3355 3354 5.773502670476837E-1
3355 3355 -3.464118817013455
3355 3356 5.815859367246862E-1
3355 3517 5.773502705354282E-1
3355 3518 5.759498478096619E-1
3356 3292 5.815859377584289E-1
3356 3293 5.69564703233746E-1
3356 3355 5.815859367246862E-1
3356 3356 -3.464678692489246
3356 3357 5.710386134195105E-1
3356 3518 5.603499746872644E-1
3356 3519 6.005535266656099E-1
3357 3293 6.686357570871196E-1
3357 3294 4.1865160917445293E-1
3357 3356 5.710386134195105E-1
3357 3357 -3.5304021589249857
3357 3358 8.071472036596135E-1
3357 3519 4.7383884834373013E-1
3357 3520 5.910901272405591E-1
3358 3294 6.769309650146806E-1
3358 3357 8.071472036596135E-1
3358 3358 -3.652507315356511
3358 3359 7.830550790292474E-1
3358 3520 6.528086970810318E-1
3358 3521 7.325653705719376E-1
3359 3294 3.650402312254304E-1
3359 3295 7.461032129664226E-1
3359 3296 7.797810429611507E-1
3359 3358 7.830550790292474E-1
3359 3359 -3.582232577389052
3359 3360 6.481943230842393E-1
3359 3521 2.600586881225613E-1
3360 3296 1.972514974655914E-1
3360 3359 6.481943230842393E-1
3360 3360 -1.6736175718285007
3360 3521 6.471080934004908E-1
3360 3522 1.8106365787817924E-1
3506 3343 3.167592593120559E-1
3506 3506 -1.6536506999795244
3506 3507 6.02425882808332E-1
3506 3620 2.2812203404746828E-1
3506 3621 5.063435238116685E-1
3507 3343 4.994316359657621E-1
3507 3344 4.871702592976944E-1
3507 3345 9.409222304032636E-1
3507 3506 6.02425882808332E-1
3507 3507 -3.588950903134627
3507 3508 3.0165688933324253E-1
3507 3621 7.57344005326333E-1
3508 3345 6.14824510033326E-1
3508 3346 5.208495654914569E-1
3508 3507 3.0165688933324253E-1
3508 3508 -3.415277537362665
3508 3509 4.4027569649026455E-1
3508 3621 5.668526415639582E-1
3508 3622 5.977985506063705E-1
3508 3623 3.7301968384404627E-1
3509 3346 6.18643251520234E-1
3509 3347 5.594439445179386E-1
3509 3508 4.4027569649026455E-1
3509 3509 -3.4980741994706386
3509 3510 5.77349707467385E-1
3509 3623 7.681764313939357E-1
3509 3624 5.341851680808805E-1
3510 3347 5.773506338024225E-1
3510 3348 5.773506199346763E-1
3510 3509 5.77349707467385E-1
3510 3510 -3.464101615141131
3510 3511 5.773486716583293E-1
3510 3624 5.773499482441917E-1
3510 3625 5.773520340341258E-1
3511 3348 5.773505849570351E-1
3511 3349 5.773497526030826E-1
3511 3510 5.773486716583293E-1
3511 3511 -3.4641016151426696
3511 3512 5.773494082145441E-1
3511 3625 5.773519142566979E-1
3511 3626 5.773512834529806E-1
3512 3349 5.773527550133996E-1
3512 3350 5.773525439517242E-1
3512 3511 5.773494082145441E-1
3512 3512 -3.4641016152895068
3512 3513 5.773412695184742E-1
3512 3626 5.773444513494586E-1
3512 3627 5.77361187241906E-1
3513 3350 5.773486943813402E-1
3513 3351 5.773505866063984E-1
3513 3512 5.773412695184742E-1
3513 3513 -3.464101615417242
3513 3514 5.773389593207476E-1
3513 3627 5.773595488857306E-1
3513 3628 5.773625567045507E-1
3514 3351 5.773501549621209E-1
3514 3352 5.773503766635812E-1
3514 3513 5.773389593207476E-1
3514 3514 -3.464101615416484
3514 3515 5.77350245858758E-1
3514 3628 5.773672991875763E-1
3514 3629 5.773445794236993E-1
3515 3352 5.773502690517887E-1
3515 3353 5.773502845910231E-1
3515 3354 5.773502594747235E-1
3515 3514 5.77350245858758E-1
3515 3515 -3.4641016151377553
3515 3516 5.773502655031288E-1
3515 3629 5.77350290658333E-1
3516 3354 5.773502754532196E-1
3516 3515 5.773502655031288E-1
3516 3516 -3.464101623276844
3516 3517 5.773502662944474E-1
3516 3629 5.772889560586996E-1
3516 3630 5.774422440148077E-1
3516 3631 5.773196159525407E-1
3517 3354 5.773502691696735E-1
3517 3355 5.773502705354282E-1
3517 3516 5.773502662944474E-1
3517 3517 -3.4641016151377544
3517 3518 5.773502689178667E-1
3517 3631 5.773502713571079E-1
3517 3632 5.773502688632309E-1
3518 3355 5.759498478096619E-1
3518 3356 5.603499746872644E-1
3518 3517 5.773502689178667E-1
3518 3518 -3.464715619291524
3518 3519 6.045581345239772E-1
3518 3632 5.773502694939123E-1
3518 3633 5.691571238588417E-1
3519 3356 6.005535266656099E-1
3519 3357 4.7383884834373013E-1
3519 3518 6.045581345239772E-1
3519 3519 -3.476614922338903
3519 3520 6.497334526600322E-1
3519 3633 5.277839298687865E-1
3519 3634 6.201470302767673E-1
3520 3357 5.910901272405591E-1
3520 3358 6.528086970810318E-1
3520 3519 6.497334526600322E-1
3520 3520 -3.520445129302534
3520 3521 3.2643768449756944E-1
3520 3634 5.521977435465334E-1
3520 3635 7.48177424276808E-1
3521 3358 7.325653705719376E-1
3521 3359 2.600586881225613E-1
3521 3360 6.471080934004908E-1
3521 3520 3.2643768449756944E-1
3521 3521 -3.602184039000834
3521 3522 8.624737385104089E-1
3521 3635 7.735404638978656E-1
3522 3360 1.8106365787817924E-1
3522 3521 8.624737385104089E-1
3522 3522 -1.714057586610355
3522 3635 3.832492064076002E-1
3522 3636 2.8727098381416666E-1
3620 3506 2.2812203404746828E-1
3620 3620 -1.7327336798042392
3620 3621 6.345147484754126E-1
3620 3685 5.084152327739583E-2
3620 3778 8.192553740039626E-1
3621 3506 5.063435238116685E-1
3621 3507 7.57344005326333E-1
3621 3508 5.668526415639582E-1
3621 3620 6.345147484754126E-1
3621 3621 -3.5193451023903535
3621 3622 4.554935905806804E-1
3621 3778 5.987965926323005E-1
3622 3508 5.977985506063705E-1
3622 3621 4.554935905806804E-1
3622 3622 -3.5603594800513676
3622 3623 7.191448498685342E-1
3622 3686 4.5337628345531017E-1
3622 3687 4.632728385577697E-1
3622 3778 8.712733669827026E-1
3623 3508 3.7301968384404627E-1
3623 3509 7.681764313939357E-1
3623 3622 7.191448498685342E-1
3623 3623 -3.5443405520370908
3623 3624 6.113307127487388E-1
3623 3687 6.931497655692733E-1
3623 3688 3.7951910861256266E-1
3624 3509 5.341851680808805E-1
3624 3510 5.773499482441917E-1
3624 3623 6.113307127487388E-1
3624 3624 -3.468377392872587
3624 3625 5.773488746544637E-1
3624 3688 6.242460372170187E-1
3624 3689 5.439166519272933E-1
3625 3510 5.773520340341258E-1
3625 3511 5.773519142566979E-1
3625 3624 5.773488746544637E-1
3625 3625 -3.464101615251324
3625 3626 5.773419029254421E-1
3625 3689 5.773464127485585E-1
3625 3690 5.773604766320362E-1
3626 3511 5.773512834529806E-1
3626 3512 5.773444513494586E-1
3626 3625 5.773419029254421E-1
3626 3626 -3.464101615299942
3626 3627 5.773455682800025E-1
3626 3690 5.773594435381664E-1
3626 3691 5.773589657538918E-1
3627 3512 5.77361187241906E-1
3627 3513 5.773595488857306E-1
3627 3626 5.773455682800025E-1
3627 3627 -3.46410161720867
3627 3628 5.773127996036563E-1
3627 3691 5.773276646655207E-1
3627 3692 5.773948485318539E-1
3628 3513 5.773625567045507E-1
3628 3514 5.773672991875763E-1
3628 3627 5.773127996036563E-1
3628 3628 -3.464101621690116
3628 3629 5.772822494450743E-1
3628 3692 5.773601731264024E-1
3628 3693 5.774165436228562E-1
3629 3514 5.773445794236993E-1
3629 3515 5.77350290658333E-1
3629 3516 5.772889560586996E-1
3629 3628 5.772822494450743E-1
3629 3629 -3.464101625848782
3629 3630 5.77408224107701E-1
3629 3693 5.774273261552747E-1
3630 3516 5.774422440148077E-1
3630 3629 5.77408224107701E-1
3630 3630 -3.464101781105206
3630 3631 5.773502645087434E-1
3630 3693 5.770504121649138E-1
3630 3694 5.777421804515936E-1
3630 3695 5.771084558574464E-1
3631 3516 5.773196159525407E-1
3631 3517 5.773502713571079E-1
3631 3630 5.773502645087434E-1
3631 3631 -3.4641016183930526
3631 3632 5.773502693657282E-1
3631 3695 5.773809280034184E-1
3631 3696 5.773502692055137E-1
3632 3517 5.773502688632309E-1
3632 3518 5.773502694939123E-1
3632 3631 5.773502693657282E-1
3632 3632 -3.465176585816991
3632 3633 5.712430255105357E-1
3632 3696 5.533622133302684E-1
3632 3697 6.085205392533152E-1
3633 3518 5.691571238588417E-1
3633 3519 5.277839298687865E-1
3633 3632 5.712430255105357E-1
3633 3633 -3.47697707280584
3633 3634 6.854448882390798E-1
3633 3697 5.944345135626505E-1
3633 3698 5.289135917659453E-1
3634 3519 6.201470302767673E-1
3634 3520 5.521977435465334E-1
3634 3633 6.854448882390798E-1
3634 3634 -3.51737291627229
3634 3635 4.1180291093799803E-1
3634 3698 4.495314250267891E-1
3634 3699 7.982489182451225E-1
3635 3520 7.48177424276808E-1
3635 3521 7.735404638978656E-1
3635 3522 3.832492064076002E-1
3635 3634 4.1180291093799803E-1
3635 3635 -3.5365174052470163
3635 3636 6.604155319484672E-1
3635 3699 5.59331867778277E-1
3636 3522 2.8727098381416666E-1
3636 3635 6.604155319484672E-1
3636 3636 -1.659439760115967
3636 3699 4.2275374068377475E-1
3636 3700 2.8899950366955807E-1
3685 3620 5.084152327739583E-2
3685 3685 -1.747415248773515
3685 3686 7.140503448567528E-1
3685 3778 8.07270412310886E-1
3685 3860 1.752529683284803E-1
3686 3622 4.5337628345531017E-1
3686 3685 7.140503448567528E-1
3686 3686 -3.5283356218583695
3686 3687 7.308550682448175E-1
3686 3778 5.834677612860231E-1
3686 3860 5.666168451875098E-1
3686 3861 4.79969318827956E-1
3687 3622 4.632728385577697E-1
3687 3623 6.931497655692733E-1
3687 3686 7.308550682448175E-1
3687 3687 -3.5430139764277566
3687 3688 8.046886794835983E-1
3687 3861 3.5436515818065195E-1
3687 3862 4.966824663916456E-1
3688 3623 3.7951910861256266E-1
3688 3624 6.242460372170187E-1
3688 3687 8.046886794835983E-1
3688 3688 -3.5130041576279667
3688 3689 5.930360440016367E-1
3688 3862 6.1875095182359E-1
3688 3863 4.927633364895602E-1
3689 3624 5.439166519272933E-1
3689 3625 5.773464127485585E-1
3689 3688 5.930360440016367E-1
3689 3689 -3.4669352587160285
3689 3690 5.71533317575991E-1
3689 3863 6.240324969383049E-1
3689 3864 5.570703355242437E-1
3690 3625 5.773604766320362E-1
3690 3626 5.773594435381664E-1
3690 3689 5.71533317575991E-1
3690 3690 -3.464197410613517
3690 3691 5.773056793847453E-1
3690 3864 5.878533851694973E-1
3690 3865 5.72785108313081E-1
3691 3626 5.773589657538918E-1
3691 3627 5.773276646655207E-1
3691 3690 5.773056793847453E-1
3691 3691 -3.464101618622765
3691 3692 5.773288741342544E-1
3691 3865 5.773977542877602E-1
3691 3866 5.773826803965929E-1
3692 3627 5.773948485318539E-1
3692 3628 5.773601731264024E-1
3692 3691 5.773288741342544E-1
3692 3692 -3.464101629407836
3692 3693 5.772533311338333E-1
3692 3866 5.772893157267658E-1
3692 3867 5.774750867547265E-1
3693 3628 5.774165436228562E-1
3693 3629 5.774273261552747E-1
3693 3630 5.770504121649138E-1
3693 3692 5.772533311338333E-1
3693 3693 -3.464101730258729
3693 3694 5.776745962110634E-1
3693 3867 5.772795209707882E-1
3694 3630 5.777421804515936E-1
3694 3693 5.776745962110634E-1
3694 3694 -3.464106767333486
3694 3695 5.75611332420565E-1
3694 3867 5.770684403276404E-1
3694 3868 5.765817912201312E-1
3694 3869 5.794284267024923E-1
3695 3630 5.771084558574464E-1
3695 3631 5.773809280034184E-1
3695 3694 5.75611332420565E-1
3695 3695 -3.4643299669333083
3695 3696 5.665048387807576E-1
3695 3869 5.748919471865355E-1
3695 3870 5.928324646845852E-1
3696 3631 5.773502692055137E-1
3696 3632 5.533622133302684E-1
3696 3695 5.665048387807576E-1
3696 3696 -3.465992232521577
3696 3697 5.938702479227211E-1
3696 3870 5.611344281572285E-1
3696 3871 6.137702351250875E-1
3697 3632 6.085205392533152E-1
3697 3633 5.944345135626505E-1
3697 3696 5.938702479227211E-1
3697 3697 -3.478746492410071
3697 3698 5.13195190234635E-1
3697 3871 5.010317801182145E-1
3697 3872 6.676942213185347E-1
3698 3633 5.289135917659453E-1
3698 3634 4.495314250267891E-1
3698 3697 5.13195190234635E-1
3698 3698 -3.415327082832931
3698 3699 3.1317069049074275E-1
3698 3872 4.755557129669803E-1
3698 3873 4.6261937135826353E-1
3698 3898 6.723411009895747E-1
3699 3634 7.982489182451225E-1
3699 3635 5.59331867778277E-1
3699 3636 4.2275374068377475E-1
3699 3698 3.1317069049074275E-1
3699 3699 -3.5720150902917025
3699 3700 6.824844173038842E-1
3699 3898 7.960254557899014E-1
3700 3636 2.8899950366955807E-1
3700 3699 6.824844173038842E-1
3700 3700 -1.6730352103883952
3700 3874 1.5612598920528992E-1
3700 3898 5.45425300209663E-1
3778 3620 8.192553740039626E-1
3778 3621 5.987965926323005E-1
3778 3622 8.712733669827026E-1
3778 3685 8.07270412310886E-1
3778 3686 5.834677612860231E-1
3778 3778 -3.6800635072158747
3860 3685 1.752529683284803E-1
3860 3686 5.666168451875098E-1
3860 3860 -1.700735551864475
3860 3861 8.220366683825004E-1
3860 3927 1.3682906996598443E-1
3861 3686 4.79969318827956E-1
3861 3687 3.5436515818065195E-1
3861 3860 8.220366683825004E-1
3861 3861 -3.5409370829332625
3861 3862 6.475266512739528E-1
3861 3927 7.083425693935221E-1
3861 3928 5.286967168746789E-1
3862 3687 4.966824663916456E-1
3862 3688 6.1875095182359E-1
3862 3861 6.475266512739528E-1
3862 3862 -3.508102190874343
3862 3863 5.673001876419195E-1
3862 3928 5.161578752231932E-1
3862 3929 6.616840585200419E-1
3863 3688 4.927633364895602E-1
3863 3689 6.240324969383049E-1
