%%MatrixMarket matrix coordinate real general
%
6714 6714 1662
502 502 -1.7588460149531944
502 503 2.8867513263367667E-1
502 544 1.7543600366962822E-1
502 545 9.539670463432478E-1
502 546 3.407678323066419E-1
503 502 2.8867513263367667E-1
503 503 -1.7296629193897215
503 546 3.9164241366623226E-1
503 547 8.932193796308378E-1
503 548 1.56125993458975E-1
544 502 1.7543600366962822E-1
544 544 -1.6109091404655227
544 545 5.396322273063521E-1
544 571 1.7513107779079706E-1
544 572 5.293650679261344E-1
544 573 1.913447637726109E-1
545 502 9.539670463432478E-1
545 544 5.396322273063521E-1
545 545 -3.78221462475255
545 546 8.488975972588957E-1
545 573 1.0302265904454175
545 574 4.094911633986371E-1
546 502 3.407678323066419E-1
546 503 3.9164241366623226E-1
546 545 8.488975972588957E-1
546 546 -3.6160182455923695
546 547 7.720571415446438E-1
546 574 8.00033847121239E-1
546 575 4.626194136947164E-1
547 503 8.932193796308378E-1
547 546 7.720571415446438E-1
547 547 -3.679068367520013
547 548 5.454252894513866E-1
547 575 6.72341097180492E-1
547 576 7.96025459712653E-1
548 503 1.56125993458975E-1
548 547 5.454252894513866E-1
548 548 -1.6730352115468263
548 549 2.8899950191472507E-1
548 576 6.824844267217397E-1
549 548 2.8899950191472507E-1
549 549 -1.65943975983284
549 550 2.8727097906345217E-1
549 576 4.22753742237848E-1
549 577 6.60415536616815E-1
550 549 2.8727097906345217E-1
550 550 -1.7140576011334554
550 577 3.832491867005416E-1
550 578 8.624737795705809E-1
550 579 1.8106365579888078E-1
571 544 1.7513107779079706E-1
571 571 -1.7672815754220867
571 572 9.716814040422143E-1
571 615 2.8867513049343696E-1
571 616 3.3179396309563847E-1
572 544 5.293650679261344E-1
572 571 9.716814040422143E-1
572 572 -3.7824275333835096
572 573 9.910724278459084E-1
572 616 8.829229956988426E-1
572 617 4.073856378704099E-1
573 544 1.913447637726109E-1
573 545 1.0302265904454175
573 572 9.910724278459084E-1
573 573 -3.723240753456924
573 574 4.559177371663114E-1
573 617 6.556925867842548E-1
573 618 3.989866474424217E-1
574 545 4.094911633986371E-1
574 546 8.00033847121239E-1
574 573 4.559177371663114E-1
574 574 -3.5425071467574907
574 575 4.7555568714824636E-1
574 618 7.33814478868636E-1
574 619 6.676942330544205E-1
575 546 4.626194136947164E-1
575 547 6.72341097180492E-1
575 574 4.7555568714824636E-1
575 575 -3.4153270870773307
575 576 3.1317067847432134E-1
575 619 5.131951868973912E-1
575 620 5.289136070409083E-1
575 621 4.4953141664125484E-1
576 547 7.96025459712653E-1
576 548 6.824844267217397E-1
576 549 4.22753742237848E-1
576 575 3.1317067847432134E-1
576 576 -3.5720150997920963
576 577 5.593318526467267E-1
576 621 7.982489399988077E-1
577 549 6.60415536616815E-1
577 550 3.832491867005416E-1
577 576 5.593318526467267E-1
577 577 -3.536517418754021
577 578 7.735404868888838E-1
577 621 4.118029078348678E-1
577 622 7.481774480661867E-1
578 550 8.624737795705809E-1
578 577 7.735404868888838E-1
578 578 -3.602184063203679
578 579 6.471080767142856E-1
578 622 3.2643767093528453E-1
578 623 7.325653830741374E-1
578 624 2.600586660205071E-1
579 550 1.8106365579888078E-1
579 578 6.471080767142856E-1
579 579 -1.673617574159449
579 624 6.481943468311324E-1
579 625 1.9725149481515025E-1
615 571 2.8867513049343696E-1
615 615 -1.6577279305161723
615 616 5.000951941350712E-1
615 661 2.1176812565092212E-1
615 680 6.57189480236742E-1
616 571 3.3179396309563847E-1
616 572 8.829229956988426E-1
616 615 5.000951941350712E-1
616 616 -3.610894461879454
616 617 7.149755588881566E-1
616 680 7.693525975193001E-1
616 681 4.117541525424449E-1
617 572 4.073856378704099E-1
617 573 6.556925867842548E-1
617 616 7.149755588881566E-1
617 617 -3.5200344877450487
617 618 6.401621001333566E-1
617 681 5.874821078566586E-1
617 682 5.143364962122128E-1
618 573 3.989866474424217E-1
618 574 7.33814478868636E-1
618 617 6.401621001333566E-1
618 618 -3.496506359499003
618 619 5.010317745201787E-1
618 682 6.087411159769802E-1
618 683 6.137702425574301E-1
619 574 6.676942330544205E-1
619 575 5.131951868973912E-1
619 618 5.010317745201787E-1
619 619 -3.4787464936098806
619 620 5.94434507294593E-1
619 683 5.938702461050269E-1
619 684 6.085205457382705E-1
620 575 5.289136070409083E-1
620 619 5.94434507294593E-1
620 620 -3.4769770724674016
620 621 6.854448922225929E-1
620 684 5.712430226880548E-1
620 685 5.691571228508424E-1
620 686 5.277839203704109E-1
621 575 4.4953141664125484E-1
621 576 7.982489399988077E-1
621 577 4.118029078348678E-1
621 620 6.854448922225929E-1
621 621 -3.517372922532677
621 622 5.521977278263646E-1
621 686 6.201470380087888E-1
622 577 7.481774480661867E-1
622 578 3.2643767093528453E-1
622 621 5.521977278263646E-1
622 622 -3.5204451368708765
622 623 6.528086789695147E-1
622 686 6.497334682548457E-1
622 687 5.910901428186801E-1
623 578 7.325653830741374E-1
623 622 6.528086789695147E-1
623 623 -3.6525073208430987
623 624 7.830550739453466E-1
623 687 8.071472225062305E-1
623 688 6.769309623478699E-1
624 578 2.600586660205071E-1
624 579 6.481943468311324E-1
624 623 7.830550739453466E-1
624 624 -3.5822325752899857
624 625 7.797810286199659E-1
624 688 3.650402597016731E-1
624 689 7.461032001713606E-1
625 579 1.9725149481515025E-1
625 624 7.797810286199659E-1
625 625 -1.6819740761589173
625 626 2.513289160115826E-1
625 689 4.536126367122187E-1
626 625 2.513289160115826E-1
626 626 -1.6524866770904967
626 689 6.413144134402591E-1
626 690 5.229133903545191E-1
626 691 2.3692995728413585E-1
661 615 2.1176812565092212E-1
661 661 -1.7225999029530332
661 680 5.791619085278985E-1
661 710 7.452364879342688E-2
661 729 8.571462199807857E-1
680 615 6.57189480236742E-1
680 616 7.693525975193001E-1
680 661 5.791619085278985E-1
680 680 -3.5221340653755644
680 681 4.347781268104205E-1
680 729 4.362359535703345E-1
680 730 6.454159987108684E-1
681 616 4.117541525424449E-1
681 617 5.874821078566586E-1
681 680 4.347781268104205E-1
681 681 -3.3899384079289456
681 682 5.27772236359427E-1
681 730 5.623414139336786E-1
681 731 4.6904172139562483E-1
681 732 3.967686490306913E-1
682 617 5.143364962122128E-1
682 618 6.087411159769802E-1
682 681 5.27772236359427E-1
682 682 -3.481859404650489
682 683 5.611344295903797E-1
682 732 6.770426569807005E-1
682 733 5.928324695307894E-1
683 618 6.137702425574301E-1
683 619 5.938702461050269E-1
683 682 5.611344295903797E-1
683 683 -3.4659922329906445
683 684 5.533622101806672E-1
683 733 5.665048353242699E-1
683 734 5.773502692328707E-1
684 619 6.085205457382705E-1
684 620 5.712430226880548E-1
684 683 5.533622101806672E-1
684 684 -3.4651765861552932
684 685 5.77350268993151E-1
684 734 5.77350269270084E-1
684 735 5.773502692850654E-1
685 620 5.691571228508424E-1
685 684 5.77350268993151E-1
685 685 -3.4647156194852204
685 686 6.045581391231956E-1
685 735 5.773502689729867E-1
685 736 5.759498473875233E-1
685 737 5.603499721575215E-1
686 620 5.277839203704109E-1
686 621 6.201470380087888E-1
686 622 6.497334682548457E-1
686 685 6.045581391231956E-1
686 686 -3.4766149262548582
686 687 4.738388321565296E-1
686 737 6.005535283410883E-1
687 622 5.910901428186801E-1
687 623 8.071472225062305E-1
687 686 4.738388321565296E-1
687 687 -3.530402168511715
687 688 4.186515869526146E-1
687 737 5.710386175274392E-1
687 738 6.686357665502205E-1
688 623 6.769309623478699E-1
688 624 3.650402597016731E-1
688 687 4.186515869526146E-1
688 688 -3.4572246692219526
688 689 4.560080097224212E-1
688 738 4.387520726226831E-1
688 739 3.532072638859496E-1
688 761 7.486345139887407E-1
689 624 7.461032001713606E-1
689 625 4.536126367122187E-1
689 626 6.413144134402591E-1
689 688 4.560080097224212E-1
689 689 -3.5189811386267595
689 690 5.207505094924596E-1
689 761 7.011923690880402E-1
690 626 5.229133903545191E-1
690 689 5.207505094924596E-1
690 690 -3.5347629441662285
690 691 5.64965292025688E-1
690 740 3.945438115457347E-1
690 741 7.337018937244572E-1
690 761 7.9788804702337E-1
691 626 2.3692995728413585E-1
691 690 5.64965292025688E-1
691 691 -1.6898820283052152
691 741 7.480048229901747E-1
691 742 1.399819560052164E-1
710 661 7.452364879342688E-2
710 710 -1.7238183042368704
710 729 8.545673376684997E-1
710 762 2.618725170493922E-1
710 781 5.328548007255515E-1
729 661 8.571462199807857E-1
729 680 4.362359535703345E-1
729 710 8.545673376684997E-1
729 729 -3.72129708844414
729 730 9.428396728008118E-1
729 781 6.305079044237081E-1
730 680 6.454159987108684E-1
730 681 5.623414139336786E-1
730 729 9.428396728008118E-1
730 730 -3.6080691200833988
730 731 6.191134759099419E-1
730 781 2.0546143365583897E-1
730 782 6.32897125072259E-1
731 681 4.6904172139562483E-1
731 730 6.191134759099419E-1
731 731 -3.525864787114613
731 732 7.262343502923059E-1
731 782 7.126875301997844E-1
731 783 3.966206429062076E-1
731 784 6.021670664107488E-1
732 681 3.967686490306913E-1
732 682 6.770426569807005E-1
732 731 7.262343502923059E-1
732 732 -3.5041280788331592
732 733 5.748919464728957E-1
732 784 5.497620487318394E-1
732 785 5.794284273247265E-1
733 682 5.928324695307894E-1
733 683 5.665048353242699E-1
733 732 5.748919464728957E-1
733 733 -3.464329967173463
733 734 5.773812721002622E-1
733 785 5.756120180068047E-1
733 786 5.771074257384411E-1
734 683 5.773502692328707E-1
734 684 5.77350269270084E-1
734 733 5.773812721002622E-1
734 734 -3.4641016184663522
734 735 5.773502710986758E-1
734 786 5.77350263942243E-1
734 787 5.773192728222168E-1
735 684 5.773502692850654E-1
735 685 5.773502689729867E-1
735 734 5.773502710986758E-1
735 735 -3.4641016151377544
735 736 5.77350270032016E-1
735 787 5.773502665310937E-1
735 788 5.773502692179171E-1
736 685 5.759498473875233E-1
736 735 5.77350270032016E-1
736 736 -3.4641188170242163
736 737 5.815859381742011E-1
736 788 5.77350267795795E-1
736 789 5.773502701197928E-1
736 790 5.745322235148882E-1
737 685 5.603499721575215E-1
737 686 6.005535283410883E-1
737 687 5.710386175274392E-1
737 736 5.815859381742011E-1
737 737 -3.464678692623581
737 738 5.695646985171888E-1
737 790 5.815859379061421E-1
738 687 6.686357665502205E-1
738 688 4.387520726226831E-1
738 737 5.695646985171888E-1
738 738 -3.4863484074546456
738 739 6.776538607264235E-1
738 790 5.759498479491476E-1
738 791 5.55792161088982E-1
739 688 3.532072638859496E-1
739 738 6.776538607264235E-1
739 739 -3.562119996225487
739 740 4.187145057714726E-1
739 761 8.757665300698432E-1
739 791 6.132894774167044E-1
739 792 6.234883583550934E-1
740 690 3.945438115457347E-1
740 739 4.187145057714726E-1
740 740 -3.437291736888685
740 741 7.122390782937645E-1
740 761 5.473455549565991E-1
740 792 5.468862698574345E-1
740 793 5.675750566862086E-1
740 794 2.4998745977747067E-1
741 690 7.337018937244572E-1
741 691 7.480048229901747E-1
741 740 7.122390782937645E-1
741 741 -3.6539489711972877
741 742 7.000688580996266E-1
741 794 7.599343180892646E-1
742 691 1.399819560052164E-1
742 741 7.000688580996266E-1
742 742 -1.6769435090215268
742 794 5.514348173505788E-1
742 795 2.8545787756610524E-1
761 688 7.486345139887407E-1
761 689 7.011923690880402E-1
761 690 7.9788804702337E-1
761 739 8.757665300698432E-1
761 740 5.473455549565991E-1
761 761 -3.6708270151265934
762 710 2.618725170493922E-1
762 762 -1.7264585895541464
762 781 4.790712398157516E-1
762 814 9.014643243391562E-2
762 834 8.953684002550871E-1
781 710 5.328548007255515E-1
781 729 6.305079044237081E-1
781 730 2.0546143365583897E-1
781 762 4.790712398157516E-1
781 781 -3.5141680095751346
781 782 9.023110906522261E-1
781 834 5.164877742014757E-1
781 835 2.4747376610058286E-1
782 730 6.32897125072259E-1
782 731 7.126875301997844E-1
782 781 9.023110906522261E-1
782 782 -3.6801839918826595
782 783 8.703454037157711E-1
782 835 5.61942842242619E-1
783 731 3.966206429062076E-1
783 782 8.703454037157711E-1
783 783 -3.5328775812919657
783 784 6.210351521704033E-1
783 835 4.61372843865557E-1
783 836 5.636722059986914E-1
783 837 6.198313326353357E-1
784 731 6.021670664107488E-1
784 732 5.497620487318394E-1
784 783 6.210351521704033E-1
784 784 -3.4670567747429426
784 785 5.765817910007272E-1
784 837 5.396863038567566E-1
784 838 5.778244125724671E-1
785 732 5.794284273247265E-1
785 733 5.756120180068047E-1
785 784 5.765817910007272E-1
785 785 -3.4641067649340855
785 786 5.777432113106558E-1
785 838 5.770725575713694E-1
785 839 5.77668759719802E-1
786 733 5.771074257384411E-1
786 734 5.77350263942243E-1
786 785 5.777432113106558E-1
786 786 -3.4641017808044836
786 787 5.774432734233905E-1
786 839 5.77050409347122E-1
786 840 5.774071970426313E-1
787 734 5.773192728222168E-1
787 735 5.773502665310937E-1
787 786 5.774432734233905E-1
787 787 -3.4641016234600697
787 788 5.773502755743487E-1
787 840 5.772882697321833E-1
787 841 5.77350265376837E-1
788 735 5.773502692179171E-1
788 736 5.77350267795795E-1
788 787 5.773502755743487E-1
788 788 -3.4641016151377544
788 789 5.773502675554766E-1
788 841 5.773502589571977E-1
788 842 5.773502760370195E-1
789 736 5.773502701197928E-1
789 788 5.773502675554766E-1
789 789 -3.4641016151389747
789 790 5.773502699658533E-1
789 842 5.773504248624375E-1
789 843 5.773492887219834E-1
789 844 5.773510939134312E-1
790 736 5.745322235148882E-1
790 737 5.815859379061421E-1
790 738 5.759498479491476E-1
790 789 5.773502699658533E-1
790 790 -3.4641188170212125
790 791 5.77350268929207E-1
790 844 5.773502687559742E-1
791 738 5.55792161088982E-1
791 739 6.132894774167044E-1
791 790 5.77350268929207E-1
791 791 -3.465203085006256
791 792 5.736586151167373E-1
791 844 5.77350270014339E-1
791 845 5.677622924402861E-1
792 739 6.234883583550934E-1
792 740 5.468862698574345E-1
792 791 5.736586151167373E-1
792 792 -3.4700776964179174
792 793 5.400602408350178E-1
792 845 5.903440972213854E-1
792 846 5.956401150322495E-1
793 740 5.675750566862086E-1
793 792 5.400602408350178E-1
793 793 -3.510269562360182
793 794 7.788940394578668E-1
793 846 5.945453441850952E-1
793 847 6.645825905678444E-1
793 848 3.646122906281492E-1
794 740 2.4998745977747067E-1
794 741 7.599343180892646E-1
794 742 5.514348173505788E-1
794 793 7.788940394578668E-1
794 794 -3.5825749078489655
794 795 4.6775519487868644E-1
794 848 7.745690782950982E-1
795 742 2.8545787756610524E-1
795 794 4.6775519487868644E-1
795 795 -1.651970869996366
795 848 5.82488909157848E-1
795 849 3.162688883937265E-1
814 762 9.014643243391562E-2
814 814 -1.7087745945140114
814 834 7.84305713379031E-1
814 869 2.166745755858726E-1
814 890 6.176478731151922E-1
834 762 8.953684002550871E-1
834 781 5.164877742014757E-1
834 814 7.84305713379031E-1
834 834 -3.707678696675356
834 835 9.167174530007504E-1
834 890 5.947993558390119E-1
835 781 2.4747376610058286E-1
835 782 5.61942842242619E-1
835 783 4.61372843865557E-1
835 834 9.167174530007504E-1
835 835 -3.488183535423123
835 836 5.018188519607452E-1
835 890 4.2411986649159994E-1
835 891 3.7473791176126886E-1
836 783 5.636722059986914E-1
836 835 5.018188519607452E-1
836 836 -3.5346493580751828
836 837 6.080495699041384E-1
836 891 8.603767203867314E-1
836 892 3.865117922274225E-1
836 893 6.142202175974536E-1
837 783 6.198313326353357E-1
837 784 5.396863038567566E-1
837 836 6.080495699041384E-1
837 837 -3.4673944684774596
837 838 5.771429229921528E-1
837 893 5.45332677494713E-1
837 894 5.77351661594363E-1
838 784 5.778244125724671E-1
838 785 5.770725575713694E-1
838 837 5.771429229921528E-1
838 838 -3.4641017858787677
838 839 5.77266855221686E-1
838 894 5.772984128792106E-1
838 895 5.774966246418816E-1
839 785 5.77668759719802E-1
839 786 5.77050409347122E-1
839 838 5.77266855221686E-1
839 839 -3.4641017314710982
839 840 5.774275938647524E-1
839 895 5.772422005432759E-1
839 896 5.7744591277446E-1
840 786 5.774071970426313E-1
840 787 5.772882697321833E-1
840 839 5.774275938647524E-1
840 840 -3.464101626974757
840 841 5.77350290596266E-1
840 896 5.772781303078881E-1
840 897 5.773501454310359E-1
841 787 5.77350265376837E-1
841 788 5.773502589571977E-1
841 840 5.77350290596266E-1
841 841 -3.4641016151377553
841 842 5.773502836905315E-1
841 897 5.77350246330227E-1
841 898 5.773502701866959E-1
842 788 5.773502760370195E-1
842 789 5.773504248624375E-1
842 841 5.773502836905315E-1
842 842 -3.4641016151385795
842 843 5.77350777591088E-1
842 898 5.773502418771819E-1
842 899 5.77349611080321E-1
843 789 5.773492887219834E-1
843 842 5.77350777591088E-1
843 843 -3.4641016151783703
843 844 5.77348779547291E-1
843 899 5.773527029970689E-1
843 900 5.773453653142513E-1
843 901 5.773547010066875E-1
844 789 5.773510939134312E-1
844 790 5.773502687559742E-1
844 791 5.77350270014339E-1
844 843 5.77348779547291E-1
844 844 -3.464101615139696
844 845 5.77350275796968E-1
844 901 5.773509271116926E-1
845 791 5.677622924402861E-1
845 792 5.903440972213854E-1
845 844 5.77350275796968E-1
845 845 -3.464283889643677
845 846 5.792629999836036E-1
845 901 5.773502661876306E-1
845 902 5.722139580138027E-1
846 792 5.956401150322495E-1
846 793 5.945453441850952E-1
846 845 5.792629999836036E-1
846 846 -3.467016419286674
846 847 5.219558723503075E-1
846 902 5.728032656238518E-1
846 903 6.02808822111567E-1
847 793 6.645825905678444E-1
847 846 5.219558723503075E-1
847 847 -3.4814293672140324
847 848 6.680931297140915E-1
847 903 5.443960579172122E-1
847 904 6.291348952026026E-1
847 905 4.5326682146197417E-1
848 793 3.646122906281492E-1
848 794 7.745690782950982E-1
848 795 5.82488909157848E-1
848 847 6.680931297140915E-1
848 848 -3.515869275351382
848 849 4.553175456235225E-1
848 905 6.707883219326722E-1
849 795 3.162688883937265E-1
849 848 4.553175456235225E-1
849 849 -1.6523192845905332
849 905 5.97390344446163E-1
849 906 2.833425061271209E-1
869 814 2.166745755858726E-1
869 869 -1.6653489417201197
869 890 6.732406900127059E-1
869 927 3.206305723233124E-1
869 948 4.5480310379822875E-1
890 814 6.176478731151922E-1
890 834 5.947993558390119E-1
890 835 4.2411986649159994E-1
890 869 6.732406900127059E-1
890 890 -3.5907428805594557
890 891 9.489079528156219E-1
890 948 3.3202714228532354E-1
891 835 3.7473791176126886E-1
891 836 8.603767203867314E-1
891 890 9.489079528156219E-1
891 891 -3.739218762339146
891 892 8.511237890420814E-1
891 948 7.040723883334422E-1
892 836 3.865117922274225E-1
892 891 8.511237890420814E-1
892 892 -3.546670890843034
892 893 5.819697123368779E-1
892 948 4.660853602399953E-1
892 949 7.203804638195856E-1
892 950 5.405997731770715E-1
893 836 6.142202175974536E-1
893 837 5.45332677494713E-1
893 892 5.819697123368779E-1
893 893 -3.465798953675336
893 894 5.776522004859492E-1
893 950 5.690994468673111E-1
893 951 5.775246988930308E-1
894 837 5.77351661594363E-1
894 838 5.772984128792106E-1
894 893 5.776522004859492E-1
894 894 -3.4641017037996242
894 895 5.773087957817158E-1
894 951 5.771144461474529E-1
894 952 5.773761869109328E-1
895 838 5.774966246418816E-1
895 839 5.772422005432759E-1
895 894 5.773087957817158E-1
895 895 -3.4641016318654225
895 896 5.773512617735499E-1
895 952 5.773207373267782E-1
895 953 5.773820117982211E-1
896 839 5.7744591277446E-1
896 840 5.772781303078881E-1
896 895 5.773512617735499E-1
896 896 -3.464101624587227
896 897 5.773506026161697E-1
896 953 5.773257878285518E-1
896 954 5.773499292866076E-1
897 840 5.773501454310359E-1
897 841 5.77350246330227E-1
897 896 5.773506026161697E-1
897 897 -3.4641016151378716
897 898 5.773503747894366E-1
897 954 5.773500881822409E-1
897 955 5.77350157788761E-1
898 841 5.773502701866959E-1
898 842 5.773502418771819E-1
898 897 5.773503747894366E-1
898 898 -3.4641016151377855
898 899 5.773502456130171E-1
898 955 5.773500907819736E-1
898 956 5.7735039188948E-1
899 842 5.77349611080321E-1
899 843 5.773527029970689E-1
899 898 5.773502456130171E-1
899 899 -3.4641016151953226
899 900 5.773567598787017E-1
899 956 5.773510648880129E-1
899 957 5.773412307382004E-1
900 843 5.773453653142513E-1
900 899 5.773567598787017E-1
900 900 -3.464102063057183
900 901 5.769107175100475E-1
900 957 5.773563530006514E-1
900 958 5.770820479293665E-1
900 959 5.780508194241647E-1
901 843 5.773547010066875E-1
901 844 5.773509271116926E-1
901 845 5.773502661876306E-1
901 900 5.769107175100475E-1
901 901 -3.464101999037327
901 902 5.771675708442338E-1
901 959 5.77967816377035E-1
902 845 5.722139580138027E-1
902 846 5.728032656238518E-1
902 901 5.771675708442338E-1
902 902 -3.4643248831997213
902 903 5.929799265649935E-1
902 959 5.752532900410479E-1
902 960 5.739068721117919E-1
903 846 6.02808822111567E-1
903 847 5.443960579172122E-1
903 902 5.929799265649935E-1
903 903 -3.46713451455332
903 904 6.218638813199109E-1
903 960 5.587055585986549E-1
903 961 5.463802680409817E-1
904 847 6.291348952026026E-1
904 903 6.218638813199109E-1
904 904 -3.4727501428295957
904 905 5.728329917781676E-1
904 961 5.748383618791946E-1
904 962 4.7236835240705044E-1
904 963 6.017116602426701E-1
905 847 4.5326682146197417E-1
905 848 6.707883219326722E-1
905 849 5.97390344446163E-1
905 904 5.728329917781676E-1
905 905 -3.478496572784229
905 906 5.507408289556196E-1
905 963 6.334772642096327E-1
906 849 2.833425061271209E-1
906 905 5.507408289556196E-1
906 906 -1.647389435349223
906 963 5.692237387942197E-1
906 964 2.4408236147226275E-1
927 869 3.206305723233124E-1
927 927 -1.703705008820394
927 948 4.777101240823368E-1
927 986 1.256550925787832E-1
927 1008 7.797092198359616E-1
948 869 4.5480310379822875E-1
948 890 3.3202714228532354E-1
948 891 7.040723883334422E-1
948 892 4.660853602399953E-1
948 927 4.777101240823368E-1
948 948 -3.4811444966853373
948 949 2.9174392817615813E-1
948 1008 7.547024497698529E-1
949 892 7.203804638195856E-1
949 948 2.9174392817615813E-1
949 949 -3.573255391834677
949 950 6.394528799316324E-1
949 1008 8.477218919310692E-1
949 1009 6.181000634872946E-1
949 1010 4.558561644889371E-1
950 892 5.405997731770715E-1
950 893 5.690994468673111E-1
950 949 6.394528799316324E-1
950 950 -3.4808790454123484
950 951 5.775969062080792E-1
950 1010 4.96727196956623E-1
950 1011 6.574028422716311E-1
951 893 5.775246988930308E-1
951 894 5.771144461474529E-1
951 950 5.775969062080792E-1
951 951 -3.4641017374020517
951 952 5.773977546928581E-1
951 1011 5.770865076904796E-1
951 1012 5.773814237701513E-1
952 894 5.773761869109328E-1
952 895 5.773207373267782E-1
952 951 5.773977546928581E-1
952 952 -3.464101618251278
952 953 5.773463602902462E-1
952 1012 5.773056789223925E-1
952 1013 5.773549001080704E-1
953 895 5.773820117982211E-1
953 896 5.773257878285518E-1
953 952 5.773463602902462E-1
953 953 -3.4641016161717078
953 954 5.773521046633958E-1
953 1013 5.77343943684332E-1
953 1014 5.773514079069606E-1
954 896 5.773499292866076E-1
954 897 5.773500881822409E-1
954 953 5.773521046633958E-1
954 954 -3.4641016151406956
954 955 5.773504374262979E-1
954 1014 5.773490976988862E-1
954 1015 5.773499578832672E-1
955 897 5.77350157788761E-1
955 898 5.773500907819736E-1
955 954 5.773504374262979E-1
955 955 -3.4641016151384028
955 956 5.773508882602807E-1
955 1015 5.773503906026805E-1
955 1016 5.773496502784097E-1
956 898 5.7735039188948E-1
956 899 5.773510648880129E-1
956 955 5.773508882602807E-1
956 956 -3.464101615187275
956 957 5.773570425769432E-1
956 1016 5.773500237550151E-1
956 1017 5.773422038175434E-1
957 899 5.773412307382004E-1
957 900 5.773563530006514E-1
957 956 5.773570425769432E-1
957 957 -3.4641016162159053
957 958 5.773797798830475E-1
957 1017 5.773543552174578E-1
957 1018 5.773128547996049E-1
958 900 5.770820479293665E-1
958 957 5.773797798830475E-1
958 958 -3.4641076684525047
958 959 5.757770040233829E-1
958 1018 5.773806484278801E-1
958 1019 5.763183512658543E-1
958 1020 5.801698369229731E-1
959 900 5.780508194241647E-1
959 901 5.77967816377035E-1
959 902 5.752532900410479E-1
959 958 5.757770040233829E-1
959 959 -3.464108354311562
959 960 5.791727940997853E-1
959 1020 5.778866303461461E-1
960 902 5.739068721117919E-1
960 903 5.587055585986549E-1
960 959 5.791727940997853E-1
960 960 -3.4652451833665054
960 961 6.185082486624152E-1
960 1020 5.742597782640888E-1
960 1021 5.606919316297693E-1
961 903 5.463802680409817E-1
961 904 5.748383618791946E-1
961 960 6.185082486624152E-1
961 961 -3.4683269020581893
961 962 6.284052353400227E-1
961 1021 5.425740884836703E-1
961 1022 5.576206996519051E-1
962 904 4.7236835240705044E-1
962 961 6.284052353400227E-1
962 962 -3.5314139832838256
962 963 5.526818399381073E-1
962 1022 6.476866536066336E-1
962 1023 3.893471118839158E-1
962 1045 8.409247901080954E-1
963 904 6.017116602426701E-1
963 905 6.334772642096327E-1
963 906 5.692237387942197E-1
963 962 5.526818399381073E-1
963 963 -3.4809907496081274
963 964 5.571952322630471E-1
963 1045 5.667010141604504E-1
964 906 2.4408236147226275E-1
964 963 5.571952322630471E-1
964 964 -1.6985833828819783
964 1024 1.1099479072308815E-1
964 1045 7.863109984235804E-1
986 927 1.256550925787832E-1
986 986 -1.6886813858096463
986 1008 7.614821055067937E-1
986 1009 5.814290970575499E-1
986 1046 2.2011509066651935E-1
1008 927 7.797092198359616E-1
1008 948 7.547024497698529E-1
1008 949 8.477218919310692E-1
1008 986 7.614821055067937E-1
1008 1008 -3.6640596550481463
1008 1009 5.204439880044691E-1
1009 949 6.181000634872946E-1
1009 986 5.814290970575499E-1
1009 1008 5.204439880044691E-1
1009 1009 -3.49821099605904
1009 1010 4.808841386199094E-1
1009 1046 6.140017556730347E-1
1009 1069 6.833519532167824E-1
1010 949 4.558561644889371E-1
1010 950 4.96727196956623E-1
1010 1009 4.808841386199094E-1
1010 1010 -3.40400228734824
1010 1011 4.8070232017603187E-1
1010 1069 4.5167198427677424E-1
1010 1070 6.243732115963795E-1
1010 1071 4.1378727123358505E-1
1011 950 6.574028422716311E-1
1011 951 5.770865076904796E-1
1011 1010 4.8070232017603187E-1
1011 1011 -3.477921548358801
1011 1012 5.773974471008085E-1
1011 1071 6.295113460605533E-1
1011 1072 5.558210850592961E-1
1012 951 5.773814237701513E-1
1012 952 5.773056789223925E-1
1012 1011 5.773974471008085E-1
1012 1012 -3.4641016200636585
1012 1013 5.773594433340192E-1
1012 1072 5.772971505654656E-1
1012 1073 5.773604763708216E-1
1013 952 5.773549001080704E-1
1013 953 5.77343943684332E-1
1013 1012 5.773594433340192E-1
1013 1013 -3.464101615259014
1013 1014 5.773509550196038E-1
1013 1073 5.773419032050569E-1
1013 1074 5.773504699079318E-1
1014 953 5.773514079069606E-1
1014 954 5.773490976988862E-1
1014 1013 5.773509550196038E-1
1014 1014 -3.4641016151401836
1014 1015 5.773505523678742E-1
1014 1074 5.77349417408968E-1
1014 1075 5.773501847378903E-1
1015 954 5.773499578832672E-1
1015 955 5.773503906026805E-1
1015 1014 5.773505523678742E-1
1015 1015 -3.4641016151384547
1015 1016 5.77350846271375E-1
1015 1075 5.773504998758404E-1
1015 1076 5.773493681374171E-1
1016 955 5.773496502784097E-1
1016 956 5.773500237550151E-1
1016 1015 5.77350846271375E-1
1016 1016 -3.4641016151578707
1016 1017 5.773535715531342E-1
1016 1076 5.773513703268998E-1
1016 1077 5.77346152973037E-1
1017 956 5.773422038175434E-1
1017 957 5.773543552174578E-1
1017 1016 5.773535715531342E-1
1017 1017 -3.4641016155879614
1017 1018 5.773613279075462E-1
1017 1077 5.773572547624797E-1
1017 1078 5.773329023298002E-1
1018 957 5.773128547996049E-1
1018 958 5.773806484278801E-1
1018 1017 5.773613279075462E-1
1018 1018 -3.4641016299447953
1018 1019 5.77391267291424E-1
1018 1078 5.773813705676518E-1
1018 1079 5.772741609506877E-1
1019 958 5.763183512658543E-1
1019 1018 5.77391267291424E-1
1019 1019 -3.464232696426076
1019 1020 5.694749451879062E-1
1019 1079 5.775629885594249E-1
1019 1080 5.735459641414814E-1
1019 1081 5.899391799799851E-1
1020 958 5.801698369229731E-1
1020 959 5.778866303461461E-1
1020 960 5.742597782640888E-1
1020 1019 5.694749451879062E-1
1020 1020 -3.4641851571890863
1020 1021 5.779050170590598E-1
1020 1081 5.844889494089124E-1
1021 960 5.606919316297693E-1
1021 961 5.425740884836703E-1
1021 1020 5.779050170590598E-1
1021 1021 -3.4686311872280813
1021 1022 6.304886406955109E-1
1021 1081 5.389616179742516E-1
1021 1082 6.180098913858197E-1
1022 961 5.576206996519051E-1
1022 962 6.476866536066336E-1
1022 1021 6.304886406955109E-1
1022 1022 -3.524927962386871
1022 1023 4.732963570453981E-1
1022 1082 3.926283472034438E-1
1022 1083 8.232072641839798E-1
1023 962 3.893471118839158E-1
1023 1022 4.732963570453981E-1
1023 1023 -3.410695066909738
1023 1024 4.288423291128926E-1
1023 1045 6.288000787048669E-1
1023 1083 5.483734935849804E-1
1023 1084 4.621092408747572E-1
1023 1085 4.799264557029271E-1
1024 964 1.1099479072308815E-1
1024 1023 4.288423291128926E-1
1024 1024 -1.7235011534135616
1024 1045 8.45040254167634E-1
1024 1085 3.3862377940994676E-1
1045 962 8.409247901080954E-1
1045 963 5.667010141604504E-1
1045 964 7.863109984235804E-1
1045 1023 6.288000787048669E-1
1045 1024 8.45040254167634E-1
1045 1045 -3.667777135564627
1046 986 2.2011509066651935E-1
1046 1009 6.140017556730347E-1
1046 1046 -1.6521848633353264
1046 1069 5.739300529351884E-1
1046 1107 2.4413796406058397E-1
1069 1009 6.833519532167824E-1
1069 1010 4.5167198427677424E-1
1069 1046 5.739300529351884E-1
1069 1069 -3.5312774453351543
1069 1070 8.088428969424881E-1
1069 1107 5.783657262890625E-1
1069 1132 4.3511483167485926E-1
1070 1010 6.243732115963795E-1
1070 1069 8.088428969424881E-1
1070 1070 -3.6612408231570632
1070 1071 8.114300539693454E-1
1070 1132 7.631220196451294E-1
1070 1133 6.53472641003721E-1
1071 1010 4.1378727123358505E-1
1071 1011 6.295113460605533E-1
1071 1070 8.114300539693454E-1
1071 1071 -3.540105795714941
1071 1072 6.182941322589299E-1
1071 1133 5.808867270650737E-1
1071 1134 4.8619626512745373E-1
1072 1011 5.558210850592961E-1
1072 1012 5.772971505654656E-1
1072 1071 6.182941322589299E-1
1072 1072 -3.4669373047654366
1072 1073 5.773461055887619E-1
1072 1134 5.980552062852079E-1
1072 1135 5.401236250077754E-1
1073 1012 5.773604763708216E-1
1073 1013 5.773419032050569E-1
1073 1072 5.773461055887619E-1
1073 1073 -3.4641016152523743
1073 1074 5.773519143269317E-1
1073 1135 5.773488749773066E-1
1073 1136 5.77352340783496E-1
1074 1013 5.773504699079318E-1
1074 1014 5.77349417408968E-1
1074 1073 5.773519143269317E-1
1074 1074 -3.4641016151410553
1074 1075 5.773505560854707E-1
1074 1136 5.773486713579996E-1
1074 1137 5.773505860537538E-1
1075 1014 5.773501847378903E-1
1075 1015 5.773504998758404E-1
1075 1074 5.773505560854707E-1
1075 1075 -3.464101615137988
1075 1076 5.773503193046996E-1
1075 1137 5.773499804164267E-1
1075 1138 5.773500747176604E-1
1076 1015 5.773493681374171E-1
1076 1016 5.773513703268998E-1
1076 1075 5.773503193046996E-1
1076 1076 -3.4641016151398416
1076 1077 5.77349818906392E-1
1076 1138 5.773508699284775E-1
1076 1139 5.773498685359553E-1
1077 1016 5.77346152973037E-1
1077 1017 5.773572547624797E-1
1077 1076 5.77349818906392E-1
1077 1077 -3.464101615988999
1077 1078 5.773639145708713E-1
1077 1139 5.773657220633466E-1
1077 1140 5.773187527128724E-1
1078 1017 5.773329023298002E-1
1078 1018 5.773813705676518E-1
1078 1077 5.773639145708713E-1
1078 1078 -3.4641016406139373
1078 1079 5.774338875390101E-1
1078 1140 5.774059934326599E-1
1078 1141 5.771835721739444E-1
1079 1018 5.772741609506877E-1
1079 1019 5.775629885594249E-1
1079 1078 5.774338875390101E-1
1079 1079 -3.464103739421181
1079 1080 5.785343319785918E-1
1079 1141 5.776526598861209E-1
1079 1142 5.756457105073451E-1
1080 1019 5.735459641414814E-1
1080 1079 5.785343319785918E-1
1080 1080 -3.4641884646253134
1080 1081 5.744015639091744E-1
1080 1142 5.780763113860448E-1
1080 1143 5.736916930570555E-1
1080 1144 5.859386001529658E-1
1081 1019 5.899391799799851E-1
1081 1020 5.844889494089124E-1
1081 1021 5.389616179742516E-1
1081 1080 5.744015639091744E-1
1081 1081 -3.467290926900861
1081 1082 6.271986301544942E-1
1081 1144 5.523009854740435E-1
1082 1021 6.180098913858197E-1
1082 1022 3.926283472034438E-1
1082 1081 6.271986301544942E-1
1082 1082 -3.5364825951147245
1082 1083 8.560420573996836E-1
1082 1144 5.743127834923766E-1
1082 1145 4.6829088547890674E-1
1083 1022 8.232072641839798E-1
1083 1023 5.483734935849804E-1
1083 1082 8.560420573996836E-1
1083 1083 -3.7015211191292114
1083 1084 9.347665190156811E-1
1083 1145 5.391317849448867E-1
1084 1023 4.621092408747572E-1
1084 1083 9.347665190156811E-1
1084 1084 -3.5917603536818885
1084 1085 5.675967039331078E-1
1084 1145 3.1148690885222546E-1
1084 1146 7.569084896650116E-1
1084 1147 5.588924913411051E-1
1085 1023 4.799264557029271E-1
1085 1024 3.3862377940994676E-1
1085 1084 5.675967039331078E-1
1085 1085 -1.653899929977504
1085 1147 2.67752990931522E-1
1107 1046 2.4413796406058397E-1
1107 1069 5.783657262890625E-1
1107 1107 -1.6559637749789307
1107 1132 6.340005396269749E-1
1107 1169 1.9945954500230922E-1
1132 1069 4.3511483167485926E-1
1132 1070 7.631220196451294E-1
1132 1107 6.340005396269749E-1
1132 1132 -3.5145009648939816
1132 1133 5.159992448947419E-1
1132 1169 6.376905465636402E-1
1132 1196 5.28573782488636E-1
1133 1070 6.53472641003721E-1
1133 1071 5.808867270650737E-1
1133 1132 5.159992448947419E-1
1133 1133 -3.5074025983949295
1133 1134 6.062635686714015E-1
1133 1196 6.489792059832662E-1
1133 1197 5.018012107767249E-1
1134 1071 4.8619626512745373E-1
1134 1072 5.980552062852079E-1
1134 1133 6.062635686714015E-1
1134 1134 -3.5119381617772514
1134 1135 6.342658550980645E-1
1134 1197 8.022652133503139E-1
1134 1198 3.8489205324480974E-1
1135 1072 5.401236250077754E-1
1135 1073 5.773488749773066E-1
1135 1134 6.342658550980645E-1
1135 1135 -3.4688585645455405
1135 1136 5.773490279368511E-1
1135 1198 6.060071517892374E-1
1135 1199 5.337640297363057E-1
1136 1073 5.77352340783496E-1
1136 1074 5.773486713579996E-1
1136 1135 5.773490279368511E-1
1136 1136 -3.4641016151424475
1136 1137 5.773506203086273E-1
1136 1199 5.773503210884867E-1
1136 1200 5.773506336669871E-1
1137 1074 5.773505860537538E-1
1137 1075 5.773499804164267E-1
1137 1136 5.773506203086273E-1
1137 1137 -3.4641016151379924
1137 1138 5.773502323141385E-1
1137 1200 5.773499616314786E-1
1137 1201 5.773502344135677E-1
1138 1075 5.773500747176604E-1
1138 1076 5.773508699284775E-1
1138 1137 5.773502323141385E-1
1138 1138 -3.4641016151380963
1138 1139 5.773498876650724E-1
1138 1201 5.773502716159401E-1
1138 1202 5.773502788968075E-1
1139 1076 5.773498685359553E-1
1139 1077 5.773657220633466E-1
1139 1138 5.773498876650724E-1
1139 1139 -3.4641016154999544
1139 1140 5.77340982648908E-1
1139 1202 5.773502601351523E-1
1139 1203 5.773448944515195E-1
1140 1077 5.773187527128724E-1
1140 1078 5.774059934326599E-1
1140 1139 5.77340982648908E-1
1140 1140 -3.464101625861816
1140 1141 5.773111441639434E-1
1140 1203 5.773761568520611E-1
1140 1204 5.773485960513716E-1
1141 1078 5.771835721739444E-1
1141 1079 5.776526598861209E-1
1141 1140 5.773111441639434E-1
1141 1141 -3.464270549551684
1141 1142 5.83697087430896E-1
1141 1204 5.850987975859621E-1
1141 1205 5.633272883108174E-1
1142 1079 5.756457105073451E-1
1142 1080 5.780763113860448E-1
1142 1141 5.83697087430896E-1
1142 1142 -3.46438092672059
1142 1143 5.866702734172942E-1
1142 1205 5.829110464333456E-1
1142 1206 5.573804975456642E-1
1143 1080 5.736916930570555E-1
1143 1142 5.866702734172942E-1
1143 1143 -3.4646200979273414
1143 1144 5.736295574982289E-1
1143 1206 5.783785952601747E-1
1143 1207 5.540155057484573E-1
1143 1208 5.982344729461309E-1
1144 1080 5.859386001529658E-1
1144 1081 5.523009854740435E-1
1144 1082 5.743127834923766E-1
1144 1143 5.736295574982289E-1
1144 1144 -3.4702780769985737
1144 1145 5.444700190781271E-1
1144 1208 6.396261313028316E-1
1145 1082 4.6829088547890674E-1
1145 1083 5.391317849448867E-1
1145 1084 3.1148690885222546E-1
1145 1144 5.444700190781271E-1
1145 1145 -3.422310782549517
1145 1146 6.956635303562809E-1
1145 1208 4.3733517716290315E-1
1145 1209 4.259324766761872E-1
1146 1084 7.569084896650116E-1
1146 1145 6.956635303562809E-1
1146 1146 -3.641406362582659
1146 1147 7.165077692962292E-1
1146 1209 7.568846735186028E-1
1146 1210 7.154418997465346E-1
1147 1084 5.588924913411051E-1
1147 1085 2.67752990931522E-1
1147 1146 7.165077692962292E-1
1147 1147 -1.6834868599290016
1147 1210 1.4033360836014558E-1
1169 1107 1.9945954500230922E-1
1169 1132 6.376905465636402E-1
1169 1169 -1.6821531991075105
1169 1196 7.081893853184077E-1
1169 1233 1.368137222231534E-1
1196 1132 5.28573782488636E-1
1196 1133 6.489792059832662E-1
1196 1169 7.081893853184077E-1
1196 1196 -3.5412766094238384
1196 1197 3.530883296343166E-1
1196 1233 8.22111443364401E-1
1196 1260 4.803344626348105E-1
1197 1133 5.018012107767249E-1
1197 1134 8.022652133503139E-1
1197 1196 3.530883296343166E-1
1197 1197 -3.5415192401719535
1197 1198 6.894730969266561E-1
1197 1260 7.30849323476266E-1
1197 1261 4.640420660076759E-1
1198 1134 3.8489205324480974E-1
1198 1135 6.060071517892374E-1
1198 1197 6.894730969266561E-1
1198 1198 -3.5427765731349568
1198 1199 7.704449353789247E-1
1198 1261 7.182227369158398E-1
1198 1262 3.737365988794894E-1
1199 1135 5.337640297363057E-1
1199 1136 5.773503210884867E-1
1199 1198 7.704449353789247E-1
1199 1199 -3.4985918518219474
1199 1200 5.645857440738677E-1
1199 1262 4.352981106824837E-1
1199 1263 6.171487108618785E-1
1200 1136 5.773506336669871E-1
1200 1137 5.773499616314786E-1
1200 1199 5.645857440738677E-1
1200 1200 -3.4657016627329162
1200 1201 5.773503403508906E-1
1200 1263 6.188434856739162E-1
1200 1264 5.502214973357762E-1
1201 1137 5.773502344135677E-1
1201 1138 5.773502716159401E-1
1201 1200 5.773503403508906E-1
1201 1201 -3.4641016151377597
1201 1202 5.773502747324049E-1
1201 1264 5.773502174541786E-1
1201 1265 5.773502765707781E-1
1202 1138 5.773502788968075E-1
1202 1139 5.773502601351523E-1
1202 1201 5.773502747324049E-1
1202 1202 -3.4641016151377544
1202 1203 5.773502699111107E-1
1202 1265 5.773502609837915E-1
1202 1266 5.773502704784879E-1
1203 1139 5.773448944515195E-1
1203 1140 5.773761568520611E-1
1203 1202 5.773502699111107E-1
1203 1203 -3.464101615828157
1203 1204 5.77329157716086E-1
1203 1266 5.773502685509176E-1
1203 1267 5.773508683464623E-1
1204 1140 5.773485960513716E-1
1204 1141 5.850987975859621E-1
1204 1203 5.77329157716086E-1
1204 1204 -3.4642051419009867
1204 1205 5.685461820862426E-1
1204 1267 5.773514002473563E-1
1204 1268 5.785310082139683E-1
1205 1141 5.633272883108174E-1
1205 1142 5.829110464333456E-1
1205 1204 5.685461820862426E-1
1205 1205 -3.4666356063631447
1205 1206 6.034752558534677E-1
1205 1268 6.175925254730122E-1
1205 1269 5.307833082062594E-1
1206 1142 5.573804975456642E-1
1206 1143 5.783785952601747E-1
1206 1205 6.034752558534677E-1
1206 1206 -3.465418057004255
1206 1207 5.970710365406113E-1
1206 1269 5.72235732734193E-1
1206 1270 5.56876939070144E-1
1207 1143 5.540155057484573E-1
1207 1206 5.970710365406113E-1
1207 1207 -3.4658207756304535
1207 1208 5.706549453677461E-1
1207 1270 5.700650441300921E-1
1207 1271 5.966849915513559E-1
1207 1272 5.773292522921913E-1
1208 1143 5.982344729461309E-1
1208 1144 6.396261313028316E-1
1208 1145 4.3733517716290315E-1
1208 1207 5.706549453677461E-1
1208 1208 -3.4835736332690983
1208 1209 6.744297511355304E-1
1208 1272 5.632931553539559E-1
1209 1145 4.259324766761872E-1
1209 1146 7.568846735186028E-1
1209 1208 6.744297511355304E-1
1209 1209 -3.520788015962287
1209 1210 5.523099483845701E-1
1209 1272 6.063206198093176E-1
1209 1273 5.049105464380788E-1
1210 1146 7.154418997465346E-1
1210 1147 1.4033360836014558E-1
1210 1209 5.523099483845701E-1
1210 1210 -1.682512713144642
1210 1273 2.7442725665339174E-1
1233 1169 1.368137222231534E-1
1233 1196 8.22111443364401E-1
1233 1233 -1.700753814191792
1233 1260 5.665756878157532E-1
1233 1298 1.7525296078848407E-1
1260 1196 4.803344626348105E-1
1260 1197 7.30849323476266E-1
1260 1233 5.665756878157532E-1
1260 1260 -3.5283766301000616
1260 1261 4.5320553106578293E-1
1260 1298 7.140661582434151E-1
1260 1326 5.833454668640341E-1
1261 1197 4.640420660076759E-1
1261 1198 7.182227369158398E-1
1261 1260 4.5320553106578293E-1
1261 1261 -3.5601838695482853
1261 1262 5.984151874684022E-1
1261 1326 8.715593456396352E-1
1261 1327 4.547390024509494E-1
1262 1198 3.737365988794894E-1
1262 1199 4.352981106824837E-1
1262 1261 5.984151874684022E-1
1262 1262 -3.415748943926987
1262 1263 5.322165464882787E-1
1262 1327 5.681202924290847E-1
1262 1328 3.0162532037275674E-1
1262 1329 6.063368876064916E-1
1263 1199 6.171487108618785E-1
1263 1200 6.188434856739162E-1
1263 1262 5.322165464882787E-1
1263 1263 -3.5052850733197385
1263 1264 5.881819844543914E-1
1263 1329 7.374804213239163E-1
