%%MatrixMarket matrix coordinate real general
%
6714 6714 1662
2321 2321 -1.6653489406231552
2321 2322 3.206305919353406E-1
2321 2412 2.166745905887849E-1
2321 2413 6.732406638339157E-1
2321 2414 4.5480309426511384E-1
2322 2321 3.206305919353406E-1
2322 2322 -1.70370499769837
2322 2323 1.2565511966953774E-1
2322 2414 4.7771010595731983E-1
2322 2415 7.797091801361719E-1
2323 2322 1.2565511966953774E-1
2323 2323 -1.688678244756276
2323 2324 2.2027944093359736E-1
2323 2415 7.615669764068557E-1
2323 2416 5.811767077462853E-1
2324 2323 2.2027944093359736E-1
2324 2324 -1.6521551213392793
2324 2325 2.4413797100317258E-1
2324 2416 6.13728924840091E-1
2324 2417 5.740087845624183E-1
2325 2324 2.4413797100317258E-1
2325 2325 -1.6559694344021647
2325 2326 1.9948855888620715E-1
2325 2417 5.782612725803418E-1
2325 2418 6.340816319324433E-1
2326 2325 1.9948855888620715E-1
2326 2326 -1.6821446365314845
2326 2327 1.368290608444448E-1
2326 2418 6.374844380423164E-1
2326 2419 7.083425787585159E-1
2327 2326 1.368290608444448E-1
2327 2327 -1.7007355590637112
2327 2328 1.7525296204209034E-1
2327 2419 8.220366880142865E-1
2327 2420 5.666168481628895E-1
2328 2327 1.7525296204209034E-1
2328 2328 -1.7474152536790462
2328 2420 7.140503587980862E-1
2328 2421 8.072704132672484E-1
2328 2422 5.084151957162142E-2
2412 2321 2.166745905887849E-1
2412 2412 -1.708774576661257
2412 2413 6.176478576230464E-1
2412 2559 9.014646123264264E-2
2412 2561 7.843056672167832E-1
2413 2321 6.732406638339157E-1
2413 2412 6.176478576230464E-1
2413 2413 -3.5907428816246343
2413 2414 3.3202716823666545E-1
2413 2561 5.947994121239454E-1
2413 2562 4.241198185085355E-1
2413 2563 9.489079612985256E-1
2414 2321 4.5480309426511384E-1
2414 2322 4.7771010595731983E-1
2414 2413 3.3202716823666545E-1
2414 2414 -3.4811688670323933
2414 2415 7.548430393166272E-1
2414 2563 7.040831202699325E-1
2414 2564 4.660376282743407E-1
2414 2565 2.9166471071239386E-1
2415 2322 7.797091801361719E-1
2415 2323 7.615669764068557E-1
2415 2414 7.548430393166272E-1
2415 2415 -3.663945254464879
2415 2416 5.207213976302091E-1
2415 2565 8.471046609750152E-1
2416 2323 5.811767077462853E-1
2416 2324 6.13728924840091E-1
2416 2415 5.207213976302091E-1
2416 2416 -3.498642883349786
2416 2417 6.849537602828665E-1
2416 2565 6.188040314346339E-1
2416 2566 4.7925806141570015E-1
2417 2324 5.740087845624183E-1
2417 2325 5.782612725803418E-1
2417 2416 6.849537602828665E-1
2417 2417 -3.5321057030534195
2417 2418 4.353382034973442E-1
2417 2566 4.495172393579171E-1
2417 2567 8.100264427725314E-1
2418 2325 6.340816319324433E-1
2418 2326 6.374844380423164E-1
2418 2417 4.353382034973442E-1
2418 2418 -3.514537623335998
2418 2419 5.286967126264629E-1
2418 2567 7.62778759443518E-1
2418 2568 5.161578777939135E-1
2419 2326 7.083425787585159E-1
2419 2327 8.220366880142865E-1
2419 2418 5.286967126264629E-1
2419 2419 -3.5409370937114
2419 2420 4.799693103758289E-1
2419 2568 6.475266578268478E-1
2419 2569 3.543651461094576E-1
2420 2327 5.666168481628895E-1
2420 2328 7.140503587980862E-1
2420 2419 4.799693103758289E-1
2420 2420 -3.5283356288974486
2420 2421 5.834677608378831E-1
2420 2569 7.30855076442057E-1
2420 2570 4.5337627428070343E-1
2421 2328 8.072704132672484E-1
2421 2420 5.834677608378831E-1
2421 2421 -3.6800635104517756
2421 2422 8.192553848696694E-1
2421 2570 8.712733690563036E-1
2421 2571 5.987965824206711E-1
2422 2328 5.084151957162142E-2
2422 2421 8.192553848696694E-1
2422 2422 -1.73273368369414
2422 2571 6.345147490581822E-1
2422 2572 2.28122030194667E-1
2559 2412 9.014646123264264E-2
2559 2559 -1.7264585744263503
2559 2561 8.953683651231121E-1
2559 2656 2.6187253489766554E-1
2559 2657 4.7907121317293005E-1
2561 2412 7.843056672167832E-1
2561 2413 5.947994121239454E-1
2561 2559 8.953683651231121E-1
2561 2561 -3.7076786714871472
2561 2562 9.167174288768378E-1
2561 2657 5.164877981464683E-1
2562 2413 4.241198185085355E-1
2562 2561 9.167174288768378E-1
2562 2562 -3.48818352395394
2562 2563 3.7473796252561675E-1
2562 2657 2.4747377172748192E-1
2562 2658 5.619428530805777E-1
2562 2659 4.6137283983997346E-1
2562 2660 5.018188493949167E-1
2563 2413 9.489079612985256E-1
2563 2414 7.040831202699325E-1
2563 2562 3.7473796252561675E-1
2563 2563 -3.739216815620038
2563 2564 8.511176818074047E-1
2563 2660 8.603700897185591E-1
2564 2414 4.660376282743407E-1
2564 2563 8.511176818074047E-1
2564 2564 -3.546724873414854
2564 2565 7.207114869898644E-1
2564 2660 3.865247127943018E-1
2564 2661 5.819889694383553E-1
2564 2662 5.403443941105868E-1
2565 2414 2.9166471071239386E-1
2565 2415 8.471046609750152E-1
2565 2416 6.188040314346339E-1
2565 2564 7.207114869898644E-1
2565 2565 -3.5732436842831232
2565 2566 4.5540768453571173E-1
2565 2662 6.395511096355042E-1
2566 2416 4.7925806141570015E-1
2566 2417 4.495172393579171E-1
2566 2565 4.5540768453571173E-1
2566 2566 -3.403976548466681
2566 2567 6.261187604423137E-1
2566 2662 5.03552350015241E-1
2566 2663 4.712180079907585E-1
2566 2664 4.1890444470903876E-1
2567 2417 8.100264427725314E-1
2567 2418 7.62778759443518E-1
2567 2566 6.261187604423137E-1
2567 2567 -3.6594641085937356
2567 2568 6.616840402490232E-1
2567 2664 7.988561056863495E-1
2568 2418 5.161578777939135E-1
2568 2419 6.475266578268478E-1
2568 2567 6.616840402490232E-1
2568 2568 -3.508102191443909
2568 2569 4.9668245933717514E-1
2568 2664 5.673002039071655E-1
2568 2665 6.187509523297834E-1
2569 2419 3.543651461094576E-1
2569 2420 7.30855076442057E-1
2569 2568 4.9668245933717514E-1
2569 2569 -3.5430139841056834
2569 2570 4.6327284304642885E-1
2569 2665 8.04688693841396E-1
2569 2666 6.931497653291685E-1
2570 2420 4.5337627428070343E-1
2570 2421 8.712733690563036E-1
2570 2569 4.6327284304642885E-1
2570 2570 -3.5603594809223225
2570 2571 4.5549359876988676E-1
2570 2666 7.19144855698628E-1
2570 2667 5.977985400703723E-1
2571 2421 5.987965824206711E-1
2571 2422 6.345147490581822E-1
2571 2570 4.5549359876988676E-1
2571 2571 -3.519345098797717
2571 2572 5.063435306818533E-1
2571 2667 5.668526466531341E-1
2571 2668 7.573439912139897E-1
2572 2422 2.28122030194667E-1
2572 2571 5.063435306818533E-1
2572 2572 -1.6536506994397455
2572 2573 3.167592539011564E-1
2572 2668 6.024258846620689E-1
2573 2572 3.167592539011564E-1
2573 2573 -1.656223026514653
2573 2668 4.994316455302033E-1
2573 2669 4.9371929683601956E-1
2573 2670 3.463128302472738E-1
2656 2559 2.6187253489766554E-1
2656 2656 -1.7238182885045434
2656 2657 5.32854783241028E-1
2656 2700 7.452367217570222E-2
2656 2701 8.545672981901478E-1
2657 2559 4.7907121317293005E-1
2657 2561 5.164877981464683E-1
2657 2562 2.4747377172748192E-1
2657 2656 5.32854783241028E-1
2657 2657 -3.514168007500368
2657 2658 9.02311069940483E-1
2657 2701 6.305079472812977E-1
2657 2702 2.0546142399067835E-1
2658 2562 5.619428530805777E-1
2658 2657 9.02311069940483E-1
2658 2658 -3.680183985006787
2658 2659 8.703453997986321E-1
2658 2702 6.328971413901032E-1
2658 2703 7.126875207969907E-1
2659 2562 4.6137283983997346E-1
2659 2658 8.703453997986321E-1
2659 2659 -3.5328775778364516
2659 2660 5.636722137029075E-1
2659 2703 3.9662065279950137E-1
2659 2704 6.210351458833033E-1
2659 2705 6.198313258121334E-1
2660 2562 5.018188493949167E-1
2660 2563 8.603700897185591E-1
2660 2564 3.865247127943018E-1
2660 2659 5.636722137029075E-1
2660 2660 -3.534644891057841
2660 2661 6.142094661694739E-1
2660 2705 6.08049559277682E-1
2661 2564 5.819889694383553E-1
2661 2660 6.142094661694739E-1
2661 2661 -3.465798811526575
2661 2662 5.690907990547257E-1
2661 2705 5.453326863105985E-1
2661 2706 5.776521946779358E-1
2661 2707 5.775246958754856E-1
2662 2564 5.403443941105868E-1
2662 2565 6.395511096355042E-1
2662 2566 5.03552350015241E-1
2662 2661 5.690907990547257E-1
2662 2662 -3.480057578402685
2662 2663 6.487315025008507E-1
2662 2707 5.787874230857762E-1
2663 2566 4.712180079907585E-1
2663 2662 6.487315025008507E-1
2663 2663 -3.4792425465605983
2663 2664 6.338395690405565E-1
2663 2707 5.80529747895612E-1
2663 2708 5.878533853885675E-1
2663 2709 5.570703337442533E-1
2664 2566 4.1890444470903876E-1
2664 2567 7.988561056863495E-1
2664 2568 5.673002039071655E-1
2664 2663 6.338395690405565E-1
2664 2664 -3.5356961494863186
2664 2665 4.9276332834847986E-1
2664 2709 6.240324977947285E-1
2665 2568 6.187509523297834E-1
2665 2569 8.04688693841396E-1
2665 2664 4.9276332834847986E-1
2665 2665 -3.513004162160433
2665 2666 3.7951910370781994E-1
2665 2709 5.930360463721118E-1
2665 2710 6.242460375608421E-1
2666 2569 6.931497653291685E-1
2666 2570 7.19144855698628E-1
2666 2665 3.7951910370781994E-1
2666 2666 -3.54434055325267
2666 2667 3.7301968510305195E-1
2666 2710 6.113307143913396E-1
2666 2711 7.68176429022662E-1
2667 2570 5.977985400703723E-1
2667 2571 5.668526466531341E-1
2667 2666 3.7301968510305195E-1
2667 2667 -3.415277535069672
2667 2668 3.0165689497788506E-1
2667 2711 4.4027570061222554E-1
2667 2712 5.208495615024835E-1
2667 2792 6.148245061505191E-1
2668 2571 7.573439912139897E-1
2668 2572 6.024258846620689E-1
2668 2573 4.994316455302033E-1
2668 2667 3.0165689497788506E-1
2668 2668 -3.5889508994921053
2668 2669 4.871702501431382E-1
2668 2792 9.409222329648199E-1
2669 2573 4.9371929683601956E-1
2669 2668 4.871702501431382E-1
2669 2669 -3.4065768824694116
2669 2670 4.2442281324504927E-1
2669 2713 4.117737933940762E-1
2669 2714 4.8329399937494316E-1
2669 2715 5.710720617754271E-1
2669 2792 5.351246677007577E-1
2670 2573 3.463128302472738E-1
2670 2669 4.2442281324504927E-1
2670 2670 -1.7348142168331977
2670 2715 8.667412903955802E-1
2670 2716 9.733728294529437E-2
2700 2656 7.452367217570222E-2
2700 2700 -1.722599885351407
2700 2701 8.571461788981681E-1
2700 2858 2.117681298347075E-1
2700 2859 5.791619044428292E-1
2701 2656 8.545672981901478E-1
2701 2657 6.305079472812977E-1
2701 2700 8.571461788981681E-1
2701 2701 -3.721297066871661
2701 2702 9.428396678703692E-1
2701 2859 4.3623597463167807E-1
2702 2657 2.0546142399067835E-1
2702 2658 6.328971413901032E-1
2702 2701 9.428396678703692E-1
2702 2702 -3.6080691226377866
2702 2703 6.191134632041245E-1
2702 2859 6.454160008956162E-1
2702 2860 5.623414252868949E-1
2703 2658 7.126875207969907E-1
2703 2659 3.9662065279950137E-1
2703 2702 6.191134632041245E-1
2703 2703 -3.52586478330776
2703 2704 6.021670628574597E-1
2703 2860 4.69041733059707E-1
2703 2861 7.262343505899773E-1
2704 2659 6.210351458833033E-1
2704 2703 6.021670628574597E-1
2704 2704 -3.4670567739188094
2704 2705 5.396863093508194E-1
2704 2861 5.497620521731343E-1
2704 2862 5.765817910459772E-1
2704 2863 5.778244126081149E-1
2705 2659 6.198313258121334E-1
2705 2660 6.08049559277682E-1
2705 2661 5.453326863105985E-1
2705 2704 5.396863093508194E-1
2705 2705 -3.467394467219415
2705 2706 5.773516634520435E-1
2705 2863 5.771429230161382E-1
2706 2661 5.776521946779358E-1
2706 2705 5.773516634520435E-1
2706 2706 -3.464101703939402
2706 2707 5.771144499832187E-1
2706 2863 5.773119265646909E-1
2706 2864 5.772885263495824E-1
2706 2865 5.773829429119303E-1
2707 2661 5.775246958754856E-1
2707 2662 5.787874230857762E-1
2707 2663 5.80529747895612E-1
2707 2706 5.771144499832187E-1
2707 2707 -3.464139179216629
2707 2708 5.727851080796488E-1
2707 2865 5.773977542968876E-1
2708 2663 5.878533853885675E-1
2708 2707 5.727851080796488E-1
2708 2708 -3.4641974106176705
2708 2709 5.71533317510637E-1
2708 2865 5.773056793497314E-1
2708 2866 5.773594433686464E-1
2708 2867 5.773604769204392E-1
2709 2663 5.570703337442533E-1
2709 2664 6.240324977947285E-1
2709 2665 5.930360463721118E-1
2709 2708 5.71533317510637E-1
2709 2709 -3.466935258847864
2709 2710 5.439166510450382E-1
2709 2867 5.773464123810952E-1
2710 2665 6.242460375608421E-1
2710 2666 6.113307143913396E-1
2710 2709 5.439166510450382E-1
2710 2710 -3.468377393042192
2710 2711 5.341851673096566E-1
2710 2867 5.773488747930373E-1
2710 2868 5.773499479422788E-1
2711 2666 7.68176429022662E-1
2711 2667 4.4027570061222554E-1
2711 2710 5.341851673096566E-1
2711 2711 -3.49807419831857
2711 2712 6.186432499885048E-1
2711 2868 5.773497075674836E-1
2711 2869 5.594439438180376E-1
2712 2667 5.208495615024835E-1
2712 2711 6.186432499885048E-1
2712 2712 -3.504784493301261
2712 2713 4.0977774755704316E-1
2712 2792 7.267357639199998E-1
2712 2869 6.327958426697324E-1
2712 2870 5.959823276634975E-1
2713 2669 4.117737933940762E-1
2713 2712 4.0977774755704316E-1
2713 2713 -3.538803010436447
2713 2714 6.715550240424227E-1
2713 2792 8.737817197914568E-1
2713 2870 6.505932665019579E-1
2713 2871 5.213214591494901E-1
2714 2669 4.8329399937494316E-1
2714 2713 6.715550240424227E-1
2714 2714 -3.5745634529310912
2714 2715 9.081766085220542E-1
2714 2871 6.592912231601609E-1
2714 2872 3.311257868363352E-1
2714 2873 5.211208109951754E-1
2715 2669 5.710720617754271E-1
2715 2670 8.667412903955802E-1
2715 2714 9.081766085220542E-1
2715 2715 -3.6902124379343846
2715 2716 7.833405435014547E-1
2715 2873 5.608819337398682E-1
2716 2670 9.733728294529437E-2
2716 2715 7.833405435014547E-1
2716 2716 -1.7088586764327554
2716 2717 1.9886276055334084E-1
2716 2873 6.293180894326655E-1
2717 2716 1.9886276055334084E-1
2717 2717 -1.6578651445597856
2717 2873 6.060182224071273E-1
2717 2874 6.350437074364764E-1
2717 2875 2.1794045416284102E-1
2792 2667 6.148245061505191E-1
2792 2668 9.409222329648199E-1
2792 2669 5.351246677007577E-1
2792 2712 7.267357639199998E-1
2792 2713 8.737817197914568E-1
2792 2792 -3.691388890527553
2858 2700 2.117681298347075E-1
2858 2858 -1.6577279289341107
2858 2859 6.571894722393108E-1
2858 2904 2.886751326886994E-1
2858 2905 5.000951941713929E-1
2859 2700 5.791619044428292E-1
2859 2701 4.3623597463167807E-1
2859 2702 6.454160008956162E-1
2859 2858 6.571894722393108E-1
2859 2859 -3.5221340687236045
2859 2860 4.3477810576920084E-1
2859 2905 7.693526107449695E-1
2860 2702 5.623414252868949E-1
2860 2703 4.69041733059707E-1
2860 2859 4.3477810576920084E-1
2860 2860 -3.389938410587632
2860 2861 3.967686384105644E-1
2860 2905 4.117541556533376E-1
2860 2906 5.874821228131344E-1
2860 2907 5.277722295947924E-1
2861 2703 7.262343505899773E-1
2861 2704 5.497620521731343E-1
2861 2860 3.967686384105644E-1
2861 2861 -3.504128082263109
2861 2862 5.794284269916233E-1
2861 2907 6.770426671999847E-1
2861 2908 5.748919468978251E-1
2862 2704 5.765817910459772E-1
2862 2861 5.794284269916233E-1
2862 2862 -3.4641067673343824
2862 2863 5.770684402630093E-1
2862 2908 5.75611332354208E-1
2862 2909 5.777421794554012E-1
2862 2910 5.776745972241635E-1
2863 2704 5.778244126081149E-1
2863 2705 5.771429230161382E-1
2863 2706 5.773119265646909E-1
2863 2862 5.770684402630093E-1
2863 2863 -3.464101783193003
2863 2864 5.77474296024503E-1
2863 2910 5.77279784716547E-1
2864 2706 5.772885263495824E-1
2864 2863 5.77474296024503E-1
2864 2864 -3.4641016298801754
2864 2865 5.773226642853765E-1
2864 2910 5.772533295322091E-1
2864 2911 5.773578567604452E-1
2864 2912 5.774049569280588E-1
2865 2706 5.773829429119303E-1
2865 2707 5.773977542968876E-1
2865 2708 5.773056793497314E-1
2865 2864 5.773226642853765E-1
2865 2865 -3.4641016186758735
2865 2866 5.77355859658693E-1
2865 2912 5.773367181732552E-1
2866 2708 5.773594433686464E-1
2866 2865 5.77355859658693E-1
2866 2866 -3.464101615259051
2866 2867 5.773419029022037E-1
2866 2912 5.773440065035842E-1
2866 2913 5.773498991795634E-1
2866 2914 5.773505036463611E-1
2867 2708 5.773604769204392E-1
2867 2709 5.773464123810952E-1
2867 2710 5.773488747930373E-1
2867 2866 5.773419029022037E-1
2867 2867 -3.4641016152513275
2867 2868 5.773520342751125E-1
2867 2914 5.773519139794393E-1
2868 2710 5.773499479422788E-1
2868 2711 5.773497075674836E-1
2868 2867 5.773520342751125E-1
2868 2868 -3.4641016151411304
2868 2869 5.773506339123713E-1
2868 2914 5.773486715518069E-1
2868 2915 5.773506198920777E-1
2869 2711 5.594439438180376E-1
2869 2712 6.327958426697324E-1
2869 2868 5.773506339123713E-1
2869 2869 -3.4668563095246525
2869 2870 5.42565587207824E-1
2869 2915 5.773499616642307E-1
2869 2916 5.77350340252456E-1
2870 2712 5.959823276634975E-1
2870 2713 6.505932665019579E-1
2870 2869 5.42565587207824E-1
2870 2870 -3.468688442545937
2870 2871 5.499768203829547E-1
2870 2916 5.773502172919662E-1
2870 2917 5.522202234977371E-1
2871 2713 5.213214591494901E-1
2871 2714 6.592912231601609E-1
2871 2870 5.499768203829547E-1
2871 2871 -3.4788864493929936
2871 2872 5.765878630197407E-1
2871 2917 6.500890937247907E-1
2871 2918 5.216199899558569E-1
2872 2714 3.311257868363352E-1
2872 2871 5.765878630197407E-1
2872 2872 -3.51281560153123
2872 2873 6.720349606046747E-1
2872 2874 5.800768073390272E-1
2872 2918 7.065057568592865E-1
2872 2919 6.464844268721661E-1
2873 2714 5.211208109951754E-1
2873 2715 5.608819337398682E-1
2873 2716 6.293180894326655E-1
2873 2717 6.060182224071273E-1
2873 2872 6.720349606046747E-1
2873 2873 -3.501545920102511
2873 2874 5.121719029230001E-1
2874 2717 6.350437074364764E-1
2874 2872 5.800768073390272E-1
2874 2873 5.121719029230001E-1
2874 2874 -3.472073732428358
2874 2875 6.15722391262946E-1
2874 2919 5.686889077433523E-1
2874 2920 5.603700157235558E-1
2875 2717 2.1794045416284102E-1
2875 2874 6.15722391262946E-1
2875 2875 -1.6554499021725013
2875 2920 5.981630625695499E-1
2875 2921 2.236239941771644E-1
2904 2858 2.886751326886994E-1
2904 2904 -1.767281558537289
2904 2905 3.3179397998363414E-1
2904 3007 1.7513107641154702E-1
2904 3009 9.716813694534084E-1
2905 2858 5.000951941713929E-1
2905 2859 7.693526107449695E-1
2905 2860 4.117541556533376E-1
2905 2904 3.3179397998363414E-1
2905 2905 -3.6108944484794256
2905 2906 7.149755323100503E-1
2905 3009 8.829229756160415E-1
2906 2860 5.874821228131344E-1
2906 2905 7.149755323100503E-1
2906 2906 -3.5200344812659137
2906 2907 5.143364916388418E-1
2906 3008 6.556925962638442E-1
2906 3009 4.073856474796531E-1
2906 3010 6.4016209076039E-1
2907 2860 5.277722295947924E-1
2907 2861 6.770426671999847E-1
2907 2906 5.143364916388418E-1
2907 2907 -3.4818594070662465
2907 2908 5.928324660138942E-1
2907 3010 6.08741123748491E-1
2907 3011 5.611344288702427E-1
2908 2861 5.748919468978251E-1
2908 2862 5.75611332354208E-1
2908 2907 5.928324660138942E-1
2908 2908 -3.464329966971011
2908 2909 5.771084565061044E-1
2908 3011 5.665048380260207E-1
2908 3012 5.773809271729584E-1
2909 2862 5.777421794554012E-1
2909 2908 5.771084565061044E-1
2909 2909 -3.4641017799742357
2909 2910 5.770504116799112E-1
2909 3012 5.773604839518499E-1
2909 3013 5.774269155828483E-1
2909 3014 5.774133327981206E-1
2910 2862 5.776745972241635E-1
2910 2863 5.77279784716547E-1
2910 2864 5.772533295322091E-1
2910 2909 5.770504116799112E-1
2910 2910 -3.4641017302354755
2910 2911 5.774162815087871E-1
2910 3014 5.774273255738573E-1
2911 2864 5.773578567604452E-1
2911 2910 5.774162815087871E-1
2911 2911 -3.464101621794885
2911 2912 5.773122721002777E-1
2911 3014 5.772822497168277E-1
2911 3015 5.773672983907505E-1
2911 3016 5.773656633177968E-1
2912 2864 5.774049569280588E-1
2912 2865 5.773367181732552E-1
2912 2866 5.773440065035842E-1
2912 2911 5.773122721002777E-1
2912 2912 -3.4641016175638772
2912 2913 5.773542146908537E-1
2912 3016 5.77349449167847E-1
2913 2866 5.773498991795634E-1
2913 2912 5.773542146908537E-1
2913 2913 -3.4641016151542483
2913 2914 5.773494054834963E-1
2913 3016 5.7734716870553E-1
2913 3017 5.773505932327871E-1
2913 3018 5.773503338620174E-1
2914 2866 5.773505036463611E-1
2914 2867 5.773519139794393E-1
2914 2868 5.773486715518069E-1
2914 2913 5.773494054834963E-1
2914 2914 -3.4641016151410464
2914 2915 5.773505856039581E-1
2914 3018 5.773505348759846E-1
2915 2868 5.773506198920777E-1
2915 2869 5.773499616642307E-1
2915 2914 5.773505856039581E-1
2915 2915 -3.464101615137993
2915 2916 5.773502378464015E-1
2915 3018 5.773499820019967E-1
2915 3019 5.773502281293279E-1
2916 2869 5.77350340252456E-1
2916 2870 5.773502172919662E-1
2916 2915 5.773502378464015E-1
2916 2916 -3.4641016151377597
2916 2917 5.773502766103207E-1
2916 3019 5.773502671912623E-1
2916 3020 5.773502759453536E-1
2917 2870 5.522202234977371E-1
2917 2871 6.500890937247907E-1
2917 2916 5.773502766103207E-1
2917 2917 -3.46756281828968
2917 2918 5.442067604331068E-1
2917 3020 5.773502608309082E-1
2917 3021 5.66346203192817E-1
2918 2871 5.216199899558569E-1
2918 2872 7.065057568592865E-1
2918 2917 5.442067604331068E-1
2918 2918 -3.4825736662708886
2918 2919 4.9236148352395237E-1
2918 3021 5.778039366871964E-1
2918 3022 6.400757388114893E-1
2919 2872 6.464844268721661E-1
2919 2874 5.686889077433523E-1
2919 2918 4.9236148352395237E-1
2919 2919 -3.517482413625096
2919 2920 6.412782051403967E-1
2919 3022 3.844767167659513E-1
2919 3023 7.841926735792777E-1
2920 2874 5.603700157235558E-1
2920 2875 5.981630625695499E-1
2920 2919 6.412782051403967E-1
2920 2920 -3.487223359267188
2920 2921 5.218471972575616E-1
2920 3023 4.8604337222889527E-1
2920 3024 6.795215063472285E-1
2921 2875 2.236239941771644E-1
2921 2920 5.218471972575616E-1
2921 2921 -1.685796482165335
2921 3024 7.685025244321262E-1
2921 3025 1.718227662984832E-1
3007 2904 1.7513107641154702E-1
3007 3007 -1.6109091523439367
3007 3008 1.913447207075346E-1
3007 3009 5.293651066508287E-1
3007 3112 1.7543600648840546E-1
3007 3113 5.39632242085621E-1
3008 2906 6.556925962638442E-1
3008 3007 1.913447207075346E-1
3008 3008 -3.723240766742177
3008 3009 9.910724111202012E-1
3008 3010 3.9898665207772716E-1
3008 3113 1.0302266205675736
3008 3114 4.559177660052965E-1
3009 2904 9.716813694534084E-1
3009 2905 8.829229756160415E-1
3009 2906 4.073856474796531E-1
3009 3007 5.293651066508287E-1
3009 3008 9.910724111202012E-1
3009 3009 -3.782427510320133
3010 2906 6.4016209076039E-1
3010 2907 6.08741123748491E-1
3010 3008 3.9898665207772716E-1
3010 3010 -3.496506356988778
3010 3011 6.137702367563653E-1
3010 3114 7.338144730111797E-1
3010 3115 5.010317806346253E-1
3011 2907 5.611344288702427E-1
3011 2908 5.665048380260207E-1
3011 3010 6.137702367563653E-1
3011 3011 -3.465992232575965
3011 3012 5.77350269092208E-1
3011 3115 5.938702466157826E-1
3011 3116 5.533622132153453E-1
3012 2908 5.773809271729584E-1
3012 2909 5.773604839518499E-1
3012 3011 5.77350269092208E-1
3012 3012 -3.4641016183478324
3012 3013 5.773042881192216E-1
3012 3116 5.773502695704134E-1
3012 3117 5.773553804411806E-1
3013 2909 5.774269155828483E-1
3013 3012 5.773042881192216E-1
3013 3013 -3.4641016224627763
3013 3014 5.772889569862567E-1
3013 3117 5.773502662112678E-1
3013 3118 5.773656022882525E-1
3013 3119 5.773655932749291E-1
3014 2909 5.774133327981206E-1
3014 2910 5.774273255738573E-1
3014 2911 5.772822497168277E-1
3014 3013 5.772889569862567E-1
3014 3014 -3.464101625667731
3014 3015 5.773445802468367E-1
3014 3119 5.773451803458318E-1
3015 2911 5.773672983907505E-1
3015 3014 5.773445802468367E-1
3015 3015 -3.4641016154164634
3015 3016 5.773389593104932E-1
3015 3119 5.773502463280532E-1
3015 3120 5.773503767405588E-1
3015 3121 5.773501543997708E-1
3016 2911 5.773656633177968E-1
3016 2912 5.77349449167847E-1
3016 2913 5.7734716870553E-1
3016 3015 5.773389593104932E-1
3016 3016 -3.464101615374684
3016 3017 5.77350023587569E-1
3016 3121 5.773503512854481E-1
3017 2913 5.773505932327871E-1
3017 3016 5.77350023587569E-1
3017 3017 -3.4641016151385347
3017 3018 5.773502843878808E-1
3017 3121 5.773505542491131E-1
3017 3122 5.773508679867658E-1
3017 3123 5.773492916944186E-1
3018 2913 5.773503338620174E-1
3018 2914 5.773505348759846E-1
3018 2915 5.773499820019967E-1
3018 3017 5.773502843878808E-1
3018 3018 -3.4641016151379844
3018 3019 5.773500950872481E-1
3018 3123 5.773503849228564E-1
3019 2915 5.773502281293279E-1
3019 2916 5.773502671912623E-1
3019 3018 5.773500950872481E-1
3019 3019 -3.464101615138065
3019 3020 5.773502981460079E-1
3019 3123 5.773508387406241E-1
3019 3124 5.773498878435948E-1
3020 2916 5.773502759453536E-1
3020 2917 5.773502608309082E-1
3020 3019 5.773502981460079E-1
3020 3020 -3.4641016151377557
3020 3021 5.7735028356798E-1
3020 3124 5.773502429939337E-1
3020 3125 5.773502536535726E-1
3021 2917 5.66346203192817E-1
3021 2918 5.778039366871964E-1
3021 3020 5.7735028356798E-1
3021 3021 -3.4665378162346014
3021 3022 6.105071374368107E-1
3021 3125 5.773502516127464E-1
3021 3126 5.571800037370503E-1
3022 2918 6.400757388114893E-1
3022 2919 3.844767167659513E-1
3022 3021 6.105071374368107E-1
3022 3022 -3.5250344559586426
3022 3023 8.335165981526195E-1
3022 3126 5.563046153319131E-1
3022 3127 5.001536494598582E-1
3023 2919 7.841926735792777E-1
3023 2920 4.8604337222889527E-1
3023 3022 8.335165981526195E-1
3023 3023 -3.6238350273594473
3023 3024 7.239483091098504E-1
3023 3127 5.811473744523703E-1
3023 3128 2.1498669983643395E-1
3024 2920 6.795215063472285E-1
3024 2921 7.685025244321262E-1
3024 3023 7.239483091098504E-1
3024 3024 -3.6729803107826946
3024 3025 6.714869959156178E-1
3024 3128 8.295209749778716E-1
3025 2921 1.718227662984832E-1
3025 3024 6.714869959156178E-1
3025 3025 -1.6854651393127948
3025 3128 4.578790490125439E-1
3025 3129 3.8427632808614987E-1
3112 3007 1.7543600648840546E-1
3112 3112 -1.7588460185486665
3112 3113 9.539670538774553E-1
3112 3220 2.8867513166187414E-1
3112 3221 3.4076782652093146E-1
3113 3007 5.39632242085621E-1
3113 3008 1.0302266205675736
3113 3112 9.539670538774553E-1
3113 3113 -3.782214650761426
3113 3114 4.094911111324068E-1
3113 3221 8.488976230983689E-1
3114 3008 4.559177660052965E-1
3114 3010 7.338144730111797E-1
3114 3113 4.094911111324068E-1
3114 3114 -3.542507146862628
3114 3115 6.676942226788208E-1
3114 3221 8.000338640941951E-1
3114 3222 4.755557099407288E-1
3115 3010 5.010317806346253E-1
3115 3011 5.938702466157826E-1
3115 3114 6.676942226788208E-1
3115 3115 -3.478746492452648
3115 3116 6.085205398820537E-1
3115 3222 5.131951891914419E-1
3115 3223 5.944345134499236E-1
3116 3011 5.533622132153453E-1
3116 3012 5.773502695704134E-1
3116 3115 6.085205398820537E-1
3116 3116 -3.46517658583917
3116 3117 5.773502687151186E-1
3116 3223 5.71243024922337E-1
3116 3224 5.773502695339019E-1
3117 3012 5.773553804411806E-1
3117 3013 5.773502662112678E-1
3117 3116 5.773502687151186E-1
3117 3117 -3.4641016152281936
3117 3118 5.773451602215329E-1
3117 3224 5.773502689072031E-1
3117 3225 5.773502707318906E-1
3118 3013 5.773656022882525E-1
3118 3117 5.773451602215329E-1
3118 3118 -3.464101615363939
3118 3119 5.773400416294026E-1
3118 3225 5.773502671865205E-1
3118 3226 5.773502701368454E-1
3118 3227 5.773502739013849E-1
3119 3013 5.773655932749291E-1
3119 3014 5.773451803458318E-1
3119 3015 5.773502463280532E-1
3119 3118 5.773400416294026E-1
3119 3119 -3.4641016153637967
3119 3120 5.773502691669782E-1
3119 3227 5.77350284618602E-1
3120 3015 5.773503767405588E-1
3120 3119 5.773502691669782E-1
3120 3120 -3.464101615137785
3120 3121 5.77350093257365E-1
3120 3227 5.773502380664636E-1
3120 3228 5.773502553914693E-1
3120 3229 5.773503825149501E-1
3121 3015 5.773501543997708E-1
3121 3016 5.773503512854481E-1
3121 3017 5.773505542491131E-1
3121 3120 5.77350093257365E-1
3121 3121 -3.4641016151385084
3121 3122 5.773495684767358E-1
3121 3229 5.773508934700758E-1
3122 3017 5.773508679867658E-1
3122 3121 5.773495684767358E-1
3122 3122 -3.46410161515812
3122 3123 5.773514499769815E-1
3122 3229 5.773500327631327E-1
3122 3230 5.773535688171603E-1
3122 3231 5.773461271373437E-1
3123 3017 5.773492916944186E-1
3123 3018 5.773503849228564E-1
3123 3019 5.773508387406241E-1
3123 3122 5.773514499769815E-1
3123 3123 -3.4641016151399953
3123 3124 5.773498441753373E-1
3123 3231 5.773498056297774E-1
3124 3019 5.773498878435948E-1
3124 3020 5.773502429939337E-1
3124 3123 5.773498441753373E-1
3124 3124 -3.464101615515655
3124 3125 5.773463945487073E-1
3124 3231 5.773664691762733E-1
3124 3232 5.773387767778089E-1
3125 3020 5.773502536535726E-1
3125 3021 5.773502516127464E-1
3125 3124 5.773463945487073E-1
3125 3125 -3.464101615933949
3125 3126 5.773546878096213E-1
3125 3232 5.773758275357822E-1
3125 3233 5.773242007735191E-1
3126 3021 5.571800037370503E-1
3126 3022 5.563046153319131E-1
3126 3125 5.773546878096213E-1
3126 3126 -3.466955255852218
3126 3127 6.431642365173644E-1
3126 3233 5.773482298386334E-1
3126 3234 5.556034826176357E-1
3127 3022 5.001536494598582E-1
3127 3023 5.811473744523703E-1
3127 3126 6.431642365173644E-1
3127 3127 -3.4885383537202523
3127 3128 5.756124704255714E-1
3127 3234 5.923403395210004E-1
3127 3235 5.961202833440882E-1
3128 3023 2.1498669983643395E-1
3128 3024 8.295209749778716E-1
3128 3025 4.578790490125439E-1
3128 3127 5.756124704255714E-1
3128 3128 -3.486505895386995
3128 3129 3.258447245123064E-1
3128 3235 4.7351327053012976E-1
3128 3236 6.091487060921379E-1
3129 3025 3.8427632808614987E-1
3129 3128 3.258447245123064E-1
3129 3129 -1.708539731399584
3129 3236 7.830809280597983E-1
3129 3237 2.1533775074132927E-1
3220 3112 2.8867513166187414E-1
3220 3220 -1.729662913432846
3220 3221 3.9164242258124377E-1
3220 3392 1.5612599241770359E-1
3220 3430 8.932193667720245E-1
3221 3112 3.4076782652093146E-1
3221 3113 8.488976230983689E-1
3221 3114 8.000338640941951E-1
3221 3220 3.9164242258124377E-1
3221 3221 -3.6160182559559093
3221 3222 4.6261937874254233E-1
3221 3430 7.72057140918628E-1
3222 3114 4.755557099407288E-1
3222 3115 5.131951891914419E-1
3222 3221 4.6261937874254233E-1
3222 3222 -3.4153270832013485
3222 3223 5.289135936111246E-1
3222 3393 3.1317068906431467E-1
3222 3394 4.4953142377040667E-1
3222 3430 6.723410988807892E-1
3223 3115 5.944345134499236E-1
3223 3116 5.71243024922337E-1
3223 3222 5.289135936111246E-1
3223 3223 -3.4769770728954583
3223 3224 5.691571234563814E-1
3223 3394 6.854448894588101E-1
3223 3395 5.27783927996882E-1
3224 3116 5.773502695339019E-1
3224 3117 5.773502689072031E-1
3224 3223 5.691571234563814E-1
3224 3224 -3.4647156193357223
3224 3225 5.759498473315131E-1
3224 3395 6.045581356844177E-1
3224 3396 5.603499744223055E-1
3225 3117 5.773502707318906E-1
3225 3118 5.773502671865205E-1
3225 3224 5.759498473315131E-1
3225 3225 -3.464118817017334
3225 3226 5.773502702065758E-1
3225 3396 5.815859372071126E-1
3225 3397 5.745322243537212E-1
3226 3118 5.773502701368454E-1
3226 3225 5.773502702065758E-1
3226 3226 -3.4641016151389765
3226 3227 5.773504217578955E-1
3226 3397 5.773502689175197E-1
3226 3398 5.773510951755008E-1
3226 3399 5.773492889446392E-1
3227 3118 5.773502739013849E-1
3227 3119 5.77350284618602E-1
3227 3120 5.773502380664636E-1
3227 3226 5.773504217578955E-1
3227 3227 -3.4641016151385755
3227 3228 5.773496124355715E-1
3227 3399 5.773507843586584E-1
3228 3120 5.773502553914693E-1
3228 3227 5.773496124355715E-1
3228 3228 -3.464101615195274
3228 3229 5.77351079450211E-1
3228 3399 5.77352691713191E-1
3228 3400 5.773567490784577E-1
3228 3401 5.773412271263734E-1
3229 3120 5.773503825149501E-1
3229 3121 5.773508934700758E-1
3229 3122 5.773500327631327E-1
3229 3228 5.77351079450211E-1
3229 3229 -3.4641016151873965
3229 3230 5.773421869260975E-1
3229 3401 5.773570400629292E-1
3230 3122 5.773535688171603E-1
3230 3229 5.773421869260975E-1
3230 3230 -3.464101615588828
3230 3231 5.773572816783215E-1
3230 3401 5.773543608428213E-1
3230 3402 5.773613410296596E-1
3230 3403 5.773328762947678E-1
3231 3122 5.773461271373437E-1
3231 3123 5.773498056297774E-1
3231 3124 5.773664691762733E-1
3231 3230 5.773572816783215E-1
3231 3231 -3.4641016159839153
3231 3232 5.773187489668976E-1
3231 3403 5.773631833953017E-1
3232 3124 5.773387767778089E-1
3232 3125 5.773758275357822E-1
3232 3231 5.773187489668976E-1
3232 3232 -3.4641016263203577
3232 3233 5.773536706137135E-1
3232 3403 5.7741074134783E-1
3232 3404 5.77303861078326E-1
3233 3125 5.773242007735191E-1
3233 3126 5.773482298386334E-1
3233 3232 5.773536706137135E-1
3233 3233 -3.4642051336836097
3233 3234 5.785346578348303E-1
3233 3404 5.850984492217249E-1
3233 3405 5.685459254011888E-1
3234 3126 5.556034826176357E-1
3234 3127 5.923403395210004E-1
3234 3233 5.785346578348303E-1
3234 3234 -3.4672093179069354
3234 3235 5.912054275006693E-1
3234 3405 6.175923466657272E-1
3234 3406 5.319330637670729E-1
3235 3127 5.961202833440882E-1
3235 3128 4.7351327053012976E-1
3235 3234 5.912054275006693E-1
3235 3235 -3.561220126284008
3235 3236 8.389682801649669E-1
3235 3406 7.55793118007152E-1
3235 3407 3.056197467370019E-1
3236 3128 6.091487060921379E-1
3236 3129 7.830809280597983E-1
3236 3235 8.389682801649669E-1
3236 3236 -3.6602855069465425
3236 3237 6.62235756001184E-1
3236 3407 7.668518366284547E-1
3237 3129 2.1533775074132927E-1
3237 3236 6.62235756001184E-1
3237 3237 -1.6600004916592042
3237 3407 4.757609320910761E-1
3237 3408 3.0666605282561465E-1
3392 3220 1.5612599241770359E-1
3392 3392 -1.6730352100369095
3392 3393 6.824844172727509E-1
3392 3430 5.454252985280394E-1
3392 3445 2.8899950181841566E-1
3393 3222 3.1317068906431467E-1
3393 3392 6.824844172727509E-1
3393 3393 -3.5720150915923274
3393 3394 7.982489215835151E-1
3393 3430 7.960254565232237E-1
3393 3445 4.2275374280177125E-1
3393 3446 5.593318643467519E-1
3394 3222 4.4953142377040667E-1
3394 3223 6.854448894588101E-1
3394 3393 7.982489215835151E-1
3394 3394 -3.5173729172954933
3394 3395 6.201470319605086E-1
3394 3446 4.1180291097053173E-1
3394 3447 5.521977395517205E-1
3395 3223 5.27783927996882E-1
3395 3224 6.045581356844177E-1
3395 3394 6.201470319605086E-1
3395 3395 -3.476614923023584
3395 3396 6.00553526603623E-1
3395 3447 6.497334551704024E-1
3395 3448 4.7383884560774997E-1
3396 3224 5.603499744223055E-1
3396 3225 5.815859372071126E-1
3396 3395 6.00553526603623E-1
3396 3396 -3.4646786925009785
3396 3397 5.815859377327129E-1
3396 3448 5.710386140728276E-1
3396 3449 5.695647024623969E-1
3397 3225 5.745322243537212E-1
3397 3226 5.773502689175197E-1
3397 3396 5.815859377327129E-1
3397 3397 -3.464118817018447
3397 3398 5.773502694209482E-1
3397 3449 5.759498474449336E-1
3397 3450 5.773502691486115E-1
3398 3226 5.773510951755008E-1
3398 3397 5.773502694209482E-1
3398 3398 -3.4641016151397026
3398 3399 5.773487768506913E-1
3398 3450 5.773502691647447E-1
3398 3451 5.773502746336787E-1
3398 3452 5.773509298941393E-1
3399 3226 5.773492889446392E-1
3399 3227 5.773507843586584E-1
3399 3228 5.77352691713191E-1
3399 3398 5.773487768506913E-1
3399 3399 -3.4641016151782904
3399 3400 5.773453741240561E-1
3399 3452 5.773546991870541E-1
3400 3228 5.773567490784577E-1
3400 3399 5.773453741240561E-1
3400 3400 -3.4641020630544177
3400 3401 5.773563594057235E-1
3400 3452 5.769107159333589E-1
3400 3453 5.780508154481445E-1
3400 3454 5.770820490646771E-1
3401 3228 5.773412271263734E-1
3401 3229 5.773570400629292E-1
3401 3230 5.773543608428213E-1
3401 3400 5.773563594057235E-1
3401 3401 -3.464101616216026
3401 3402 5.773128503734568E-1
3401 3454 5.773797784047214E-1
3402 3230 5.773613410296596E-1
3402 3401 5.773128503734568E-1
3402 3402 -3.4641016299452043
3402 3403 5.773813800129137E-1
3402 3454 5.773806475229458E-1
3402 3455 5.773912673362118E-1
3402 3456 5.772741436700167E-1
3403 3230 5.773328762947678E-1
3403 3231 5.773631833953017E-1
3403 3232 5.7741074134783E-1
3403 3402 5.773813800129137E-1
3403 3403 -3.4641016406251217
3403 3404 5.771820754470751E-1
3403 3456 5.774313841272334E-1
3404 3232 5.77303861078326E-1
3404 3233 5.850984492217249E-1
3404 3403 5.771820754470751E-1
3404 3404 -3.464270555400514
3404 3405 5.633271116856471E-1
3404 3456 5.776621713856764E-1
3404 3457 5.83696886582064E-1
3405 3233 5.685459254011888E-1
3405 3234 6.175923466657272E-1
3405 3404 5.633271116856471E-1
3405 3405 -3.4666355334163046
3405 3406 5.307842953165438E-1
3405 3457 5.829120828067873E-1
3405 3458 6.034737715404104E-1
3406 3234 5.319330637670729E-1
3406 3235 7.55793118007152E-1
3406 3405 5.307842953165438E-1
3406 3406 -3.5050587602808174
3406 3407 4.247454343488974E-1
3406 3458 5.722324993404322E-1
3406 3459 6.895703495007192E-1
3407 3235 3.056197467370019E-1
3407 3236 7.668518366284547E-1
3407 3237 4.757609320910761E-1
3407 3406 4.247454343488974E-1
3407 3407 -3.4555861929165976
3407 3408 4.4857181753500014E-1
3407 3459 4.118456249944046E-1
3407 3460 6.221908005817633E-1
3408 3237 3.0666605282561465E-1
3408 3407 4.4857181753500014E-1
3408 3408 -1.7164690465157801
3408 3460 8.512794725234304E-1
3408 3461 1.0995170363173479E-1
3430 3220 8.932193667720245E-1
3430 3221 7.72057140918628E-1
3430 3222 6.723410988807892E-1
3430 3392 5.454252985280394E-1
3430 3393 7.960254565232237E-1
3430 3430 -3.6790683616227047
3445 3392 2.8899950181841566E-1
3445 3393 4.2275374280177125E-1
3445 3445 -1.659439759411933
3445 3446 6.604155324224554E-1
3445 3558 2.8727098236929066E-1
3446 3393 5.593318643467519E-1
3446 3394 4.1180291097053173E-1
3446 3445 6.604155324224554E-1
3446 3446 -3.5365174087634887
3446 3447 7.481774300002568E-1
3446 3558 3.8324920073961044E-1
3446 3559 7.73540470283882E-1
3447 3394 5.521977395517205E-1
3447 3395 6.497334551704024E-1
3447 3446 7.481774300002568E-1
3447 3447 -3.5204451315085903
3447 3448 5.910901312333336E-1
3447 3559 3.264376798661859E-1
3447 3560 6.52808695686691E-1
3448 3395 4.7383884560774997E-1
3448 3396 5.710386140728276E-1
3448 3447 5.910901312333336E-1
3448 3448 -3.5304021600811017
3448 3449 6.686357588476156E-1
3448 3560 8.071472043120977E-1
3448 3561 4.1865160600747686E-1
3449 3396 5.695647024623969E-1
3449 3397 5.759498474449336E-1
3449 3448 6.686357588476156E-1
3449 3449 -3.4863484089441745
3449 3450 5.557921600292801E-1
3449 3561 4.387520666176133E-1
3449 3562 6.776538735423354E-1
3450 3397 5.773502691486115E-1
3450 3398 5.773502691647447E-1
3450 3449 5.557921600292801E-1
3450 3450 -3.4652030849427398
3450 3451 5.677622927923136E-1
3450 3562 6.132894750252078E-1
3450 3563 5.736586187825817E-1
3451 3398 5.773502746336787E-1
3451 3450 5.677622927923136E-1
3451 3451 -3.4642838896404875
3451 3452 5.773502659866874E-1
3451 3563 5.90344097172391E-1
3451 3564 5.792629998484868E-1
3451 3565 5.722139592069299E-1
3452 3398 5.773509298941393E-1
3452 3399 5.773546991870541E-1
3452 3400 5.769107159333589E-1
3452 3451 5.773502659866874E-1
3452 3452 -3.4641019990397997
3452 3453 5.779678195435771E-1
3452 3565 5.771675684949831E-1
3453 3400 5.780508154481445E-1
3453 3452 5.779678195435771E-1
3453 3453 -3.464108354305732
3453 3454 5.75777005221712E-1
3453 3565 5.752532908647975E-1
3453 3566 5.791727921950371E-1
3453 3567 5.778866310324631E-1
3454 3400 5.770820490646771E-1
3454 3401 5.773797784047214E-1
3454 3402 5.773806475229458E-1
3454 3453 5.75777005221712E-1
3454 3454 -3.464107668448946
3454 3455 5.763183519025161E-1
3454 3567 5.801698363323735E-1
3455 3402 5.773912673362118E-1
3455 3454 5.763183519025161E-1
3455 3455 -3.4642326964265227
3455 3456 5.775629885558022E-1
3455 3567 5.694749446968532E-1
3455 3568 5.899391798466425E-1
3455 3569 5.73545964088497E-1
3456 3402 5.772741436700167E-1
3456 3403 5.774313841272334E-1
3456 3404 5.776621713856764E-1
3456 3455 5.775629885558022E-1
3456 3456 -3.46410374617027
3456 3457 5.756406216747296E-1
3456 3569 5.785324367568117E-1
3457 3404 5.83696886582064E-1
3457 3405 5.829120828067873E-1
3457 3456 5.756406216747296E-1
3457 3457 -3.464381067217826
3457 3458 5.573759985840389E-1
3457 3569 5.78082025421229E-1
3457 3570 5.866734521489769E-1
3458 3405 6.034737715404104E-1
3458 3406 5.722324993404322E-1
3458 3457 5.573759985840389E-1
3458 3458 -3.4654184009012683
3458 3459 5.568726070899086E-1
3458 3570 5.783846914754212E-1
3458 3571 5.970788328710567E-1
3459 3406 6.895703495007192E-1
3459 3407 4.118456249944046E-1
3459 3458 5.568726070899086E-1
3459 3459 -3.5299898422620233
3459 3460 7.889077367344886E-1
3459 3571 5.700635075545024E-1
3459 3572 5.127300163880002E-1
3460 3407 6.221908005817633E-1
3460 3408 8.512794725234304E-1
3460 3459 7.889077367344886E-1
3460 3460 -3.661986933381234
3460 3461 7.521465442182321E-1
3460 3572 6.474623793233194E-1
3461 3408 1.0995170363173479E-1
3461 3460 7.521465442182321E-1
3461 3461 -1.697480012835065
3461 3572 5.962361255626756E-1
3461 3573 2.391456394224229E-1
3558 3445 2.8727098236929066E-1
3558 3446 3.8324920073961044E-1
3558 3558 -1.7140575893457153
3558 3559 8.624737461241985E-1
3558 3737 1.810636601126157E-1
3559 3446 7.73540470283882E-1
3559 3447 3.264376798661859E-1
3559 3558 8.624737461241985E-1
3559 3559 -3.6021840432739887
3559 3560 7.325653726184882E-1
3559 3737 6.47108087578345E-1
3559 3738 2.600586868028892E-1
3560 3447 6.52808695686691E-1
3560 3448 8.071472043120977E-1
