%%MatrixMarket matrix coordinate real general
%
6714 6714 46424
1 1 2
1 2 0
1 3 0
1 4 0
2 1 0
2 2 3.632423420849955E-5
2 3 1.1184173762134164E-5
2 5 6.9779433421156035E-6
2 6 1.2111310323395429E-5
3 1 0
3 2 1.1184173762134164E-5
3 3 5.754651609403915E-5
3 4 0
3 6 1.0869844187359684E-5
3 7 1.1538277504038165E-5
4 1 0
4 3 0
4 4 3
4 7 0
4 8 0
5 2 6.9779433421156035E-6
5 5 4.173021713882738E-5
5 6 1.3779602773332785E-5
5 9 1.3887165227298078E-5
5 14 7.085505796080893E-6
6 2 1.2111310323395429E-5
6 3 1.0869844187359684E-5
6 5 1.3779602773332785E-5
6 6 7.811642372041372E-5
6 7 1.3175993195987745E-5
6 9 1.3770908340823672E-5
6 10 1.4408764899514375E-5
7 3 1.1538277504038165E-5
7 4 0
7 6 1.3175993195987745E-5
7 7 9.339977239626316E-5
7 8 0
7 10 1.5072839128234509E-5
7 11 1.4053327341808611E-5
7 12 1.2414419690005818E-5
8 4 0
8 7 0
8 8 3
8 12 0
8 13 0
9 5 1.3887165227298078E-5
9 6 1.3770908340823672E-5
9 9 8.362690596843766E-5
9 10 1.396465796130082E-5
9 14 1.4160433637114081E-5
9 15 1.3961629795619943E-5
9 17 1.3882111006281085E-5
10 6 1.4408764899514375E-5
10 7 1.5072839128234509E-5
10 9 1.396465796130082E-5
10 10 8.889022978309796E-5
10 11 1.5319147518133614E-5
10 17 1.4717202473900982E-5
10 18 1.540761780201364E-5
11 7 1.4053327341808611E-5
11 10 1.5319147518133614E-5
11 11 8.013532578334983E-5
11 12 1.2669133344639015E-5
11 18 1.3587031304159521E-5
11 19 1.2079382028902281E-5
11 20 1.2427304245706772E-5
12 7 1.2414419690005818E-5
12 8 0
12 11 1.2669133344639015E-5
12 12 6.071325336859003E-5
12 13 0
12 20 1.2350340960488364E-5
13 8 0
13 12 0
13 13 3
13 20 0
13 21 0
14 5 7.085505796080893E-6
14 9 1.4160433637114081E-5
14 14 4.263634086783826E-5
14 15 1.4232664637838227E-5
14 16 7.157736796805037E-6
15 9 1.3961629795619943E-5
15 14 1.4232664637838227E-5
15 15 8.396924565636212E-5
15 16 1.4276194579352729E-5
15 17 1.3749897107253814E-5
15 22 1.4002061083089002E-5
15 23 1.3746798453208368E-5
16 14 7.157736796805037E-6
16 15 1.4276194579352729E-5
16 16 4.2833246254028916E-5
16 22 1.4258886330209413E-5
16 30 7.140428547661715E-6
17 9 1.3882111006281085E-5
17 10 1.4717202473900982E-5
17 15 1.3749897107253814E-5
17 17 8.034532766298193E-5
17 18 1.3967505501216947E-5
17 23 1.232304732399291E-5
17 24 1.1705564250336147E-5
18 10 1.540761780201364E-5
18 11 1.3587031304159521E-5
18 17 1.3967505501216947E-5
18 18 9.762331661923934E-5
18 19 1.1824140496581932E-5
18 24 1.3359717277850859E-5
18 25 1.5334187932013805E-5
18 26 1.4143116305402626E-5
19 11 1.2079382028902281E-5
19 18 1.1824140496581932E-5
19 19 5.9576466969765285E-5
19 20 1.2463140829018317E-5
19 26 1.1423885731511802E-5
19 27 1.178591788375098E-5
20 11 1.2427304245706772E-5
20 12 1.2350340960488364E-5
20 13 0
20 19 1.2463140829018317E-5
20 20 9.806063997402586E-5
20 21 0
20 27 1.4215570622322099E-5
20 28 1.62338604796004E-5
21 13 0
21 20 0
21 21 3
21 28 0
21 29 0
22 15 1.4002061083089002E-5
22 16 1.4258886330209413E-5
22 22 8.366026083896763E-5
22 23 1.368671725200435E-5
22 30 1.410203980451754E-5
22 31 1.372602953187727E-5
22 40 1.3884526837270056E-5
23 15 1.3746798453208368E-5
23 17 1.232304732399291E-5
23 22 1.368671725200435E-5
23 23 7.515591823945113E-5
23 24 1.0638280055777843E-5
23 31 1.3192880610739355E-5
23 32 1.15681945437283E-5
24 17 1.1705564250336147E-5
24 18 1.3359717277850859E-5
24 23 1.0638280055777843E-5
24 24 6.047817932798702E-5
24 25 1.3355097529205395E-5
24 32 1.1419520214816804E-5
25 18 1.5334187932013805E-5
25 24 1.3355097529205395E-5
25 25 9.779281252515259E-5
25 26 1.567538433506811E-5
25 32 1.253813860348224E-5
25 33 1.2429140651544222E-5
25 34 1.3568878125185359E-5
25 35 1.4891985348653425E-5
26 18 1.4143116305402626E-5
26 19 1.1423885731511802E-5
26 25 1.567538433506811E-5
26 26 8.141433638142851E-5
26 27 1.2143326800107595E-5
26 35 1.4420725085204044E-5
26 36 1.360789812413435E-5
27 19 1.178591788375098E-5
27 20 1.4215570622322099E-5
27 26 1.2143326800107595E-5
27 27 7.943929871780784E-5
27 28 1.474088586737056E-5
27 36 1.3192845607782372E-5
27 37 1.3360751936474214E-5
28 20 1.62338604796004E-5
28 21 0
28 27 1.474088586737056E-5
28 28 8.764092807361378E-5
28 29 0
28 37 1.3502475415490542E-5
28 38 1.3608726279842754E-5
29 21 0
29 28 0
29 29 3
29 38 0
29 39 0
30 16 7.140428547661715E-6
30 22 1.410203980451754E-5
30 30 4.234100616251671E-5
30 40 1.403007453359663E-5
30 41 7.0684632767408035E-6
31 22 1.372602953187727E-5
31 23 1.3192880610739355E-5
31 31 8.140035328675352E-5
31 32 1.383104322943548E-5
31 40 1.3019519081199182E-5
31 42 1.4487776951438206E-5
31 51 1.3143103882063993E-5
32 23 1.15681945437283E-5
32 24 1.1419520214816804E-5
32 25 1.253813860348224E-5
32 31 1.383104322943548E-5
32 32 7.536925152580291E-5
32 33 1.243406231864917E-5
32 42 1.3578292615690909E-5
33 25 1.2429140651544222E-5
33 32 1.243406231864917E-5
33 33 5.925944699137938E-5
33 34 1.116539463515002E-5
33 42 1.2167282587422262E-5
33 43 1.1063566798613732E-5
34 25 1.3568878125185359E-5
34 33 1.116539463515002E-5
34 34 7.70667146043681E-5
34 35 1.4234686977779702E-5
34 43 1.1575701361092867E-5
34 44 1.313327568925432E-5
34 45 1.3388777815905811E-5
35 25 1.4891985348653425E-5
35 26 1.4420725085204044E-5
35 34 1.4234686977779702E-5
35 35 8.544601546082607E-5
35 36 1.4024134716573E-5
35 45 1.3806887665186596E-5
35 46 1.4067595667429274E-5
36 26 1.360789812413435E-5
36 27 1.3192845607782372E-5
36 35 1.4024134716573E-5
36 36 8.153755198208091E-5
36 37 1.3134430252180387E-5
36 46 1.4026447614725702E-5
36 47 1.3551795666685068E-5
37 27 1.3360751936474214E-5
37 28 1.3502475415490542E-5
37 36 1.3134430252180387E-5
37 37 8.062806830331094E-5
37 38 1.3824187962946294E-5
37 47 1.3129094252234942E-5
37 48 1.3677128483984533E-5
38 28 1.3608726279842754E-5
38 29 0
38 37 1.3824187962946294E-5
38 38 8.251544117670386E-5
38 39 0
38 48 1.3900781496623654E-5
38 49 1.3811179585308908E-5
39 29 0
39 38 0
39 39 3
39 49 0
39 50 0
40 22 1.3884526837270056E-5
40 30 1.403007453359663E-5
40 31 1.3019519081199182E-5
40 40 8.032317693041488E-5
40 41 1.3847364239403306E-5
40 51 1.2429697388534073E-5
40 52 1.3111994850411622E-5
41 30 7.0684632767408035E-6
41 40 1.3847364239403306E-5
41 41 4.182300498696188E-5
41 52 1.3843039216740127E-5
41 53 7.064138254077624E-6
42 31 1.4487776951438206E-5
42 32 1.3578292615690909E-5
42 33 1.2167282587422262E-5
42 42 9.872241145568855E-5
42 43 1.3501910825614131E-5
42 51 1.456266654600832E-5
42 54 1.5189980024254515E-5
42 55 1.5234501905260178E-5
43 33 1.1063566798613732E-5
43 34 1.1575701361092867E-5
43 42 1.3501910825614131E-5
43 43 7.674848727802993E-5
43 44 1.3114661623954049E-5
43 54 1.4196015216447181E-5
43 59 1.3296631452307952E-5
44 34 1.313327568925432E-5
44 43 1.3114661623954049E-5
44 44 8.148130948245651E-5
44 45 1.3643604075455996E-5
44 59 1.3517671424915838E-5
44 60 1.39823890418182E-5
44 61 1.4089707627058085E-5
45 34 1.3388777815905811E-5
45 35 1.3806887665186596E-5
45 44 1.3643604075455996E-5
45 45 8.303903823042457E-5
45 46 1.406050236870994E-5
45 61 1.407023893059652E-5
45 62 1.406902737456968E-5
46 35 1.4067595667429274E-5
46 36 1.4026447614725702E-5
46 45 1.406050236870994E-5
46 46 8.391673784678931E-5
46 47 1.3805855724093053E-5
46 62 1.4084917531872314E-5
46 63 1.3871418939959E-5
47 36 1.3551795666685068E-5
47 37 1.3129094252234942E-5
47 46 1.3805855724093053E-5
47 47 7.944661529505145E-5
47 48 1.2850668876655497E-5
47 63 1.3320843104185146E-5
47 64 1.2788357671197717E-5
48 37 1.3677128483984533E-5
48 38 1.3900781496623654E-5
48 47 1.2850668876655497E-5
48 48 7.942088373145735E-5
48 49 1.3564850889971549E-5
48 64 1.2468462491772603E-5
48 65 1.295899149244953E-5
49 38 1.3811179585308908E-5
49 39 0
49 48 1.3564850889971549E-5
49 49 8.195474551055973E-5
49 50 0
49 65 1.3313763227117909E-5
49 66 1.3602180830690824E-5
50 39 0
50 49 0
50 50 3
50 66 0
50 67 0
51 31 1.3143103882063993E-5
51 40 1.2429697388534073E-5
51 42 1.456266654600832E-5
51 51 7.478253556978407E-5
51 52 1.1627852192191501E-5
51 55 1.2620311710636552E-5
51 56 1.0398903850349647E-5
52 40 1.3111994850411622E-5
52 41 1.3843039216740127E-5
52 51 1.1627852192191501E-5
52 52 7.905739272543769E-5
52 53 1.502798123308301E-5
52 56 1.1388720279224199E-5
52 57 1.4057804953787207E-5
53 41 7.064138254077624E-6
53 52 1.502798123308301E-5
53 53 4.6485152618746416E-5
53 57 1.6178438055295576E-5
53 58 8.214595076290181E-6
54 42 1.5189980024254515E-5
54 43 1.4196015216447181E-5
54 54 8.493893457722467E-5
54 55 1.438294190306613E-5
54 59 1.3631706142988669E-5
54 68 1.3647781121369169E-5
54 73 1.3890510169099043E-5
55 42 1.5234501905260178E-5
55 51 1.2620311710636552E-5
55 54 1.438294190306613E-5
55 55 7.681830930852471E-5
55 56 1.009261934188712E-5
55 68 1.3082033407115046E-5
55 69 1.1405901040559664E-5
56 51 1.0398903850349647E-5
56 52 1.1388720279224199E-5
56 55 1.009261934188712E-5
56 56 5.518743736467706E-5
56 57 1.2206341036009042E-5
56 69 1.1100852857207073E-5
57 52 1.4057804953787207E-5
57 53 1.6178438055295576E-5
57 56 1.2206341036009042E-5
57 57 1.0239277439856145E-4
57 58 1.6062420452153382E-5
57 69 1.3548246639109099E-5
57 70 1.4963782732112919E-5
57 71 1.5375740530094247E-5
58 53 8.214595076290181E-6
58 57 1.6062420452153382E-5
58 58 4.538412481154707E-5
58 71 1.4477467329483343E-5
58 72 6.629641953620132E-6
59 43 1.3296631452307952E-5
59 44 1.3517671424915838E-5
59 54 1.3631706142988669E-5
59 59 8.196878514484592E-5
59 60 1.3853613773147748E-5
59 73 1.3834147346967262E-5
59 74 1.3835015004518458E-5
60 44 1.39823890418182E-5
60 59 1.3853613773147748E-5
60 60 8.375454373902388E-5
60 61 1.4053594790889077E-5
60 74 1.3887238113454031E-5
60 75 1.3970063305475103E-5
60 76 1.4007644714239694E-5
61 44 1.4089707627058085E-5
61 45 1.407023893059652E-5
61 60 1.4053594790889077E-5
61 61 8.426180093858054E-5
61 62 1.4022921836491724E-5
61 76 1.4018271005740452E-5
61 77 1.4007066747804657E-5
62 45 1.406902737456968E-5
62 46 1.4084917531872314E-5
62 61 1.4022921836491724E-5
62 62 8.410729078711109E-5
62 63 1.4020727162008184E-5
62 77 1.3963890856977691E-5
62 78 1.394580602519152E-5
63 46 1.3871418939959E-5
63 47 1.3320843104185146E-5
63 62 1.4020727162008184E-5
63 63 8.00891753132193E-5
63 64 1.2467821371047418E-5
63 78 1.3705347345603223E-5
63 79 1.270301739041631E-5
64 47 1.2788357671197717E-5
64 48 1.2468462491772603E-5
64 63 1.2467821371047418E-5
64 64 6.978092783590622E-5
64 65 1.107755993947203E-5
64 79 1.1024546307283352E-5
64 80 9.954180055133075E-6
65 48 1.295899149244953E-5
65 49 1.3313763227117909E-5
65 64 1.107755993947203E-5
65 65 6.942163110134224E-5
65 66 1.2376312503666145E-5
65 80 9.37551155455545E-6
65 81 1.0319492384081194E-5
66 49 1.3602180830690824E-5
66 50 0
66 65 1.2376312503666145E-5
66 66 8.309986175783832E-5
66 67 0
66 81 1.2928389395201554E-5
66 82 1.4979790230952303E-5
67 50 0
67 66 0
67 67 3
67 82 0
67 83 0
68 54 1.3647781121369169E-5
68 55 1.3082033407115046E-5
68 68 8.143388869110355E-5
68 69 1.3061628310767627E-5
68 73 1.397506675019465E-5
68 84 1.4007534913414969E-5
68 85 1.3659844188242066E-5
69 55 1.1405901040559664E-5
69 56 1.1100852857207073E-5
69 57 1.3548246639109099E-5
69 68 1.3061628310767627E-5
69 69 7.604186495674639E-5
69 70 1.3858451310398478E-5
69 85 1.3066784798704416E-5
70 57 1.4963782732112919E-5
70 69 1.3858451310398478E-5
70 70 7.753690211163162E-5
70 71 1.3016807046214773E-5
70 85 1.3109718412218077E-5
70 86 1.1893192699202545E-5
70 87 1.0694949911484805E-5
71 57 1.5375740530094247E-5
71 58 1.4477467329483343E-5
71 70 1.3016807046214773E-5
71 71 7.938849760333318E-5
71 72 1.3192605593795119E-5
71 87 1.1125902677777225E-5
71 88 1.2199974425968486E-5
72 58 6.629641953620132E-6
72 71 1.3192605593795119E-5
72 72 3.982572698565459E-5
72 88 1.3283221539207153E-5
72 89 6.720257899032165E-6
73 54 1.3890510169099043E-5
73 59 1.3834147346967262E-5
73 68 1.397506675019465E-5
73 73 8.342738660013001E-5
73 74 1.3870382391578367E-5
73 84 1.3952800739387617E-5
73 90 1.3904479202903102E-5
74 59 1.3835015004518458E-5
74 60 1.3887238113454031E-5
74 73 1.3870382391578367E-5
74 74 8.332171636306796E-5
74 75 1.39363780582063E-5
74 90 1.3889465118809211E-5
74 91 1.390323767650157E-5
75 60 1.3970063305475103E-5
75 74 1.39363780582063E-5
75 75 8.356082591559291E-5
75 76 1.3959595114903115E-5
75 91 1.3895393385216395E-5
75 92 1.3884439784687032E-5
75 93 1.3914956267104946E-5
76 60 1.4007644714239694E-5
76 61 1.4018271005740452E-5
76 75 1.3959595114903115E-5
76 76 8.380014058484146E-5
76 77 1.3976089013119503E-5
76 93 1.3916336565061526E-5
76 94 1.3922204171777155E-5
77 61 1.4007066747804657E-5
77 62 1.3963890856977691E-5
77 76 1.3976089013119503E-5
77 77 8.362093422964944E-5
77 78 1.3882806637899517E-5
77 94 1.3920593729120534E-5
77 95 1.3870487244727517E-5
78 62 1.394580602519152E-5
78 63 1.3705347345603223E-5
78 77 1.3882806637899517E-5
78 78 8.202555673602024E-5
78 79 1.3182028011049752E-5
78 95 1.3884944331768847E-5
78 96 1.3424624384507399E-5
79 63 1.270301739041631E-5
79 64 1.1024546307283352E-5
79 78 1.3182028011049752E-5
79 79 7.258408751148735E-5
79 80 1.0050202006707626E-5
79 96 1.353882435861975E-5
79 97 1.2085469437410575E-5
80 64 9.954180055133075E-6
80 65 9.37551155455545E-6
80 79 1.0050202006707626E-5
80 80 4.8589786460009786E-5
80 81 9.330059865954103E-6
80 97 9.879832977659548E-6
81 65 1.0319492384081194E-5
81 66 1.2928389395201554E-5
81 80 9.330059865954103E-6
81 81 6.62580400712933E-5
81 82 1.2481154194092993E-5
81 97 1.032837345747246E-5
81 98 1.0870570774490988E-5
82 66 1.4979790230952303E-5
82 67 0
82 81 1.2481154194092993E-5
82 82 9.760742490311602E-5
82 83 0
82 98 1.1441390292328307E-5
82 99 1.2674126815280976E-5
82 100 1.422572736334764E-5
83 67 0
83 82 0
83 83 3
83 100 0
83 101 0
84 68 1.4007534913414969E-5
84 73 1.3952800739387617E-5
84 84 8.382820533673657E-5
84 85 1.4020076375900434E-5
84 90 1.3920145183351905E-5
84 102 1.3941225553080227E-5
84 103 1.3986422571601396E-5
85 68 1.3659844188242066E-5
85 69 1.3066784798704416E-5
85 70 1.3109718412218077E-5
85 84 1.4020076375900434E-5
85 85 8.15897627417508E-5
85 86 1.3708020196270539E-5
85 103 1.4025318770415248E-5
86 70 1.1893192699202545E-5
86 85 1.3708020196270539E-5
86 86 7.950252729851701E-5
86 87 1.1055705907668321E-5
86 103 1.4034463042206174E-5
86 104 1.4987537545319655E-5
86 105 1.3823607907849794E-5
87 70 1.0694949911484805E-5
87 71 1.1125902677777225E-5
87 86 1.1055705907668321E-5
87 87 5.642659509713071E-5
87 88 1.1668699748913318E-5
87 105 1.1881336851287061E-5
88 71 1.2199974425968486E-5
88 72 1.3283221539207153E-5
88 87 1.1668699748913318E-5
88 88 7.90614222626929E-5
88 89 1.342219243832173E-5
88 105 1.3908544267056225E-5
88 106 1.4578789843225975E-5
89 72 6.720257899032165E-6
89 88 1.342219243832173E-5
89 89 4.055084460694262E-5
89 106 1.3555164404439137E-5
89 107 6.853229865149567E-6
90 73 1.3904479202903102E-5
90 74 1.3889465118809211E-5
90 84 1.3920145183351905E-5
90 90 8.344724257820213E-5
90 91 1.3906005523312678E-5
90 102 1.3913136562885295E-5
90 108 1.3914010986939954E-5
91 74 1.390323767650157E-5
91 75 1.3895393385216395E-5
91 90 1.3906005523312678E-5
91 91 8.33286159691989E-5
91 92 1.3867561941617719E-5
91 108 1.3893508366480162E-5
91 109 1.3862909076070378E-5
92 75 1.3884439784687032E-5
92 91 1.3867561941617719E-5
92 92 8.317418319041168E-5
92 93 1.38743212915414E-5
92 109 1.3853390958271786E-5
92 110 1.3845208362046704E-5
92 111 1.3849260852247005E-5
93 75 1.3914956267104946E-5
93 76 1.3916336565061526E-5
93 92 1.38743212915414E-5
93 93 8.326395695117967E-5
93 94 1.3873065800357582E-5
93 111 1.3843956408127296E-5
93 112 1.3841320618986894E-5
94 76 1.3922204171777155E-5
94 77 1.3920593729120534E-5
94 93 1.3873065800357582E-5
94 94 8.335352779463346E-5
94 95 1.3905160415190534E-5
94 112 1.3849399310349045E-5
94 113 1.3883104367838627E-5
95 77 1.3870487244727517E-5
95 78 1.3884944331768847E-5
95 94 1.3905160415190534E-5
95 95 8.347722835785643E-5
95 96 1.394596592571177E-5
95 113 1.392216100848894E-5
95 114 1.3948509431968827E-5
96 78 1.3424624384507399E-5
96 79 1.353882435861975E-5
96 95 1.394596592571177E-5
96 96 8.374262886402836E-5
96 97 1.4501363600691872E-5
96 114 1.3945326446814895E-5
96 115 1.438652414768265E-5
97 79 1.2085469437410575E-5
97 80 9.879832977659548E-6
97 81 1.032837345747246E-5
97 96 1.4501363600691872E-5
97 97 8.605270661717089E-5
97 98 1.137477717684111E-5
97 115 1.4696927025591927E-5
97 116 1.318596294150337E-5
98 81 1.0870570774490988E-5
98 82 1.1441390292328307E-5
98 97 1.137477717684111E-5
98 98 5.60194850234734E-5
98 99 1.1223588349135249E-5
98 116 1.110915843067777E-5
99 82 1.2674126815280976E-5
99 98 1.1223588349135249E-5
99 99 7.151271754249298E-5
99 100 1.1949951765513682E-5
99 116 1.2854934193330846E-5
99 117 1.2582818656597552E-5
99 118 1.0227297762634667E-5
100 82 1.422572736334764E-5
100 83 0
100 99 1.1949951765513682E-5
100 100 7.745117729884209E-5
100 101 0
100 118 1.138176022552722E-5
100 119 1.2452578588265876E-5
101 83 0
101 100 0
101 101 3
101 119 0
101 120 0
102 84 1.3941225553080227E-5
102 90 1.3913136562885295E-5
102 102 8.352255634520022E-5
102 103 1.3958605272061676E-5
102 108 1.38905431576113E-5
102 121 1.3889536337653125E-5
102 122 1.3929509461908565E-5
103 84 1.3986422571601396E-5
103 85 1.4025318770415248E-5
103 86 1.4034463042206174E-5
103 102 1.3958605272061676E-5
103 103 8.400005420352952E-5
103 104 1.4016103059287815E-5
103 122 1.3979141487957173E-5
104 86 1.4987537545319655E-5
104 103 1.4016103059287815E-5
104 104 8.870079856477191E-5
104 105 1.6168360350741398E-5
104 122 1.3902407602779006E-5
104 123 1.4165935872356724E-5
104 124 1.5460454134287285E-5
105 86 1.3823607907849794E-5
105 87 1.1881336851287061E-5
105 88 1.3908544267056225E-5
105 104 1.6168360350741398E-5
105 105 1.0295223514665841E-4
105 106 1.580248910968576E-5
105 124 1.5818331592673827E-5
105 125 1.554956506736433E-5
106 88 1.4578789843225975E-5
106 89 1.3555164404439137E-5
106 105 1.580248910968576E-5
106 106 8.53540505881343E-5
106 107 1.3560872903633707E-5
106 125 1.4537362547207463E-5
106 126 1.3319371779942251E-5
107 89 6.853229865149567E-6
107 106 1.3560872903633707E-5
107 107 4.05979435256501E-5
107 126 1.3445741897675471E-5
107 127 6.73809885919133E-6
108 90 1.3914010986939954E-5
108 91 1.3893508366480162E-5
108 102 1.38905431576113E-5
108 108 8.324716045438872E-5
108 109 1.3852609472030133E-5
108 121 1.3856959768224281E-5
108 128 1.3839528703102902E-5
109 91 1.3862909076070378E-5
109 92 1.3853390958271786E-5
109 108 1.3852609472030133E-5
109 109 8.309295657694629E-5
109 110 1.3842124433495989E-5
109 128 1.3841444778906761E-5
109 129 1.3840477858171205E-5
110 92 1.3845208362046704E-5
110 109 1.3842124433495989E-5
110 110 8.289834425236849E-5
110 111 1.3823757222707161E-5
110 129 1.3813053586521E-5
110 130 1.378329046998108E-5
110 131 1.3790910177616527E-5
111 92 1.3849260852247005E-5
111 93 1.3843956408127296E-5
111 110 1.3823757222707161E-5
111 111 8.293740574976865E-5
111 112 1.3821737529397237E-5
111 131 1.3797704493240071E-5
111 132 1.3800989244049849E-5
112 93 1.3841320618986894E-5
112 94 1.3849399310349045E-5
112 111 1.3821737529397237E-5
112 112 8.297222419567703E-5
112 113 1.3834524771388379E-5
112 132 1.3810266707463247E-5
112 133 1.3814975258092234E-5
113 94 1.3883104367838627E-5
113 95 1.392216100848894E-5
113 112 1.3834524771388379E-5
113 113 8.325559684212945E-5
113 114 1.3910951538215957E-5
113 133 1.3833742515010128E-5
113 134 1.387111264118739E-5
114 95 1.3948509431968827E-5
114 96 1.3945326446814895E-5
114 113 1.3910951538215957E-5
114 114 8.353880218794808E-5
114 115 1.3919523812765419E-5
114 134 1.3901367849239802E-5
114 135 1.3913123108943193E-5
115 96 1.438652414768265E-5
115 97 1.4696927025591927E-5
115 114 1.3919523812765419E-5
115 115 8.488420162311378E-5
115 116 1.4097828288430994E-5
115 135 1.395774837544323E-5
115 136 1.3825649973199527E-5
116 97 1.318596294150337E-5
116 98 1.110915843067777E-5
116 99 1.2854934193330846E-5
116 115 1.4097828288430994E-5
116 116 8.079100855379277E-5
116 117 1.5188517557787613E-5
116 136 1.435460714206216E-5
117 99 1.2582818656597552E-5
117 116 1.5188517557787613E-5
117 117 8.584465450208002E-5
117 118 9.624264133784036E-6
117 136 1.4670289717553957E-5
117 137 1.2714185161751817E-5
117 138 1.0966414248938456E-5
117 139 1.009816502566655E-5
118 99 1.0227297762634667E-5
118 100 1.138176022552722E-5
118 117 9.624264133784036E-6
118 118 5.20985473231871E-5
118 119 1.1119171271008873E-5
118 139 9.746053930232331E-6
119 100 1.2452578588265876E-5
119 101 0
119 118 1.1119171271008873E-5
119 119 7.595559858624944E-5
119 120 0
119 139 1.2002196093204135E-5
119 140 1.3674125933204933E-5
120 101 0
120 119 0
120 120 3
120 140 0
120 141 0
121 102 1.3889536337653125E-5
121 108 1.3856959768224281E-5
121 121 8.325404924167008E-5
121 122 1.3906364303269916E-5
121 128 1.3846650197694026E-5
121 142 1.386370054934083E-5
121 143 1.3890838085487877E-5
122 102 1.3929509461908565E-5
122 103 1.3979141487957173E-5
122 104 1.3902407602779006E-5
122 121 1.3906364303269916E-5
122 122 8.369758586513842E-5
122 123 1.3963287141342108E-5
122 143 1.401687586788162E-5
123 104 1.4165935872356724E-5
123 122 1.3963287141342108E-5
123 123 8.617482912380654E-5
123 124 1.4843855128058267E-5
123 143 1.4197133278921363E-5
123 144 1.4280272292502912E-5
123 145 1.4724345410625205E-5
124 104 1.5460454134287285E-5
124 105 1.5818331592673827E-5
124 123 1.4843855128058267E-5
124 124 8.82906457925643E-5
124 125 1.4027406195098099E-5
124 145 1.4657462566896772E-5
124 146 1.3483136175550055E-5
125 105 1.554956506736433E-5
125 106 1.4537362547207463E-5
125 124 1.4027406195098099E-5
125 125 7.848611852861532E-5
125 126 1.2092697999112765E-5
125 146 1.1600796197830584E-5
125 147 1.0678290522002104E-5
126 106 1.3319371779942251E-5
126 107 1.3445741897675471E-5
126 125 1.2092697999112765E-5
126 126 7.838207025756315E-5
126 127 1.4583869818738206E-5
126 147 1.1287793530101104E-5
126 148 1.3652595231993327E-5
127 107 6.73809885919133E-6
127 126 1.4583869818738206E-5
127 127 4.537187046327226E-5
127 148 1.5947836372444793E-5
127 149 8.102065412897909E-6
128 108 1.3839528703102902E-5
128 109 1.3841444778906761E-5
128 121 1.3846650197694026E-5
128 128 8.302376520804386E-5
128 129 1.3832515946835785E-5
128 142 1.3839837954083221E-5
128 150 1.3823787627421122E-5
129 109 1.3840477858171205E-5
129 110 1.3813053586521E-5
129 128 1.3832515946835785E-5
129 129 8.287325511588757E-5
129 130 1.3794500285527967E-5
129 150 1.3801649414244591E-5
129 151 1.3791058024586982E-5
130 110 1.378329046998108E-5
130 129 1.3794500285527967E-5
130 130 8.257470340232862E-5
130 131 1.3762719222511606E-5
130 151 1.3787977344632805E-5
130 152 1.3730132193124754E-5
130 153 1.371608388655045E-5
131 110 1.3790910177616527E-5
131 111 1.3797704493240071E-5
131 130 1.3762719222511606E-5
131 131 8.25764947234955E-5
131 132 1.376549026489714E-5
131 153 1.373184691923407E-5
131 154 1.372782364599606E-5
132 111 1.3800989244049849E-5
132 112 1.3810266707463247E-5
132 131 1.376549026489714E-5
132 132 8.259355517362159E-5
132 133 1.3781235237664572E-5
132 154 1.3714553105096354E-5
132 155 1.3721020614450388E-5
133 112 1.3814975258092234E-5
133 113 1.3833742515010128E-5
133 132 1.3781235237664572E-5
133 133 8.284844295151679E-5
133 134 1.3831631058216584E-5
133 155 1.3777615159449562E-5
133 156 1.3809243723083683E-5
134 113 1.387111264118739E-5
134 114 1.3901367849239802E-5
134 133 1.3831631058216584E-5
134 134 8.324862419751677E-5
134 135 1.3898391976905703E-5
134 156 1.3854807480665277E-5
134 157 1.389131319130199E-5
135 114 1.3913123108943193E-5
135 115 1.395774837544323E-5
135 134 1.3898391976905703E-5
135 135 8.360810099211825E-5
135 136 1.398158694502788E-5
135 157 1.3909340442088046E-5
135 158 1.3947910143710185E-5
136 115 1.3825649973199527E-5
136 116 1.435460714206216E-5
136 117 1.4670289717553957E-5
136 135 1.398158694502788E-5
136 136 8.492446361050874E-5
136 137 1.4126037718164309E-5
136 158 1.3966292114500862E-5
137 117 1.2714185161751817E-5
137 136 1.4126037718164309E-5
137 137 7.761459509002793E-5
137 138 1.0742060593680177E-5
137 158 1.3948071751953406E-5
137 159 1.393919923316949E-5
137 160 1.2145040631308757E-5
138 117 1.0966414248938456E-5
138 137 1.0742060593680177E-5
138 138 5.5767006257437246E-5
138 139 1.0955742216058883E-5
138 160 1.1356707061437822E-5
138 161 1.174608213732193E-5
139 117 1.009816502566655E-5
139 118 9.746053930232331E-6
139 119 1.2002196093204135E-5
139 138 1.0955742216058883E-5
139 139 7.062248784138822E-5
139 140 1.4609447774402899E-5
139 161 1.3210882801823433E-5
140 119 1.3674125933204933E-5
140 120 0
140 139 1.4609447774402899E-5
140 140 8.834007703779453E-5
140 141 0
140 161 1.6348787965119226E-5
140 162 1.5757593567576002E-5
141 120 0
141 140 0
141 141 3
141 162 0
141 163 0
142 121 1.386370054934083E-5
142 128 1.3839837954083221E-5
142 142 8.312621120659597E-5
142 143 1.3879129297743887E-5
142 150 1.3836435519997295E-5
142 164 1.386296953395984E-5
142 165 1.3844138351470862E-5
143 121 1.3890838085487877E-5
143 122 1.401687586788162E-5
143 123 1.4197133278921363E-5
143 142 1.3879129297743887E-5
143 143 8.394177447030316E-5
143 144 1.4074882069526057E-5
143 164 1.3882915870742324E-5
144 123 1.4280272292502912E-5
144 143 1.4074882069526057E-5
144 144 8.453360390268685E-5
144 145 1.4325398342285094E-5
144 164 1.388120489696509E-5
144 181 1.3866521539532253E-5
144 182 1.4105324761875403E-5
145 123 1.4724345410625205E-5
145 124 1.4657462566896772E-5
145 144 1.4325398342285094E-5
145 145 8.581284580744448E-5
145 146 1.3911117413874606E-5
145 182 1.4270960079222416E-5
145 183 1.392356199454036E-5
146 124 1.3483136175550055E-5
146 125 1.1600796197830584E-5
146 145 1.3911117413874606E-5
146 146 7.445309626038471E-5
146 147 1.0184842282933388E-5
146 183 1.3558569671708902E-5
146 184 1.1714634518487157E-5
147 125 1.0678290522002104E-5
147 126 1.1287793530101104E-5
147 146 1.0184842282933388E-5
147 147 5.376495489450861E-5
147 148 1.1216665906666276E-5
147 184 1.0397362652805757E-5
148 126 1.3652595231993327E-5
148 127 1.5947836372444793E-5
148 147 1.1216665906666276E-5
148 148 9.340375886700789E-5
148 149 1.5566374571156623E-5
148 184 1.1407725410530087E-5
148 185 1.207306799613417E-5
148 186 1.3539493378082625E-5
149 127 8.102065412897909E-6
149 148 1.5566374571156623E-5
149 149 4.549743830068426E-5
149 186 1.4646653737444212E-5
149 187 7.182344579185496E-6
150 128 1.3823787627421122E-5
150 129 1.3801649414244591E-5
150 142 1.3836435519997295E-5
150 150 8.286601431563246E-5
150 151 1.3773957239649744E-5
150 165 1.3835262290745356E-5
150 166 1.3794922223574334E-5
151 129 1.3791058024586982E-5
151 130 1.3787977344632805E-5
151 150 1.3773957239649744E-5
151 151 8.251251197377174E-5
151 152 1.3739968529093735E-5
151 166 1.3725229433205134E-5
151 167 1.36943214026033E-5
152 130 1.3730132193124754E-5
152 151 1.3739968529093735E-5
152 152 8.209974523682508E-5
152 153 1.3661049748511072E-5
152 167 1.3732939885681092E-5
152 168 1.364885434080773E-5
152 169 1.358680053960669E-5
153 130 1.371608388655045E-5
153 131 1.373184691923407E-5
153 152 1.3661049748511072E-5
153 153 8.205023669686135E-5
153 154 1.3692996804712782E-5
153 169 1.3616037657167425E-5
153 170 1.3632221680685511E-5
154 131 1.372782364599606E-5
154 132 1.3714553105096354E-5
154 153 1.3692996804712782E-5
154 154 8.201148826246403E-5
154 155 1.3659701437117998E-5
154 170 1.3618219048117943E-5
154 171 1.3598194221422862E-5
155 132 1.3721020614450388E-5
155 133 1.3777615159449562E-5
155 154 1.3659701437117998E-5
155 155 8.230195611540309E-5
155 156 1.3770231533577608E-5
155 171 1.3659725909673528E-5
155 172 1.371366146113397E-5
156 133 1.3809243723083683E-5
156 134 1.3854807480665277E-5
156 155 1.3770231533577608E-5
156 156 8.280986160991492E-5
156 157 1.3865553310765973E-5
156 172 1.3730133771107792E-5
156 173 1.3779891790714562E-5
157 134 1.389131319130199E-5
157 135 1.3909340442088046E-5
157 156 1.3865553310765973E-5
157 157 8.337549259444754E-5
157 158 1.3906782232210856E-5
157 173 1.3889650873710907E-5
157 174 1.3912852544369738E-5
158 135 1.3947910143710185E-5
158 136 1.3966292114500862E-5
158 137 1.3948071751953406E-5
158 157 1.3906782232210856E-5
158 158 8.36357717092882E-5
158 159 1.3944811507932364E-5
158 174 1.392190395898049E-5
159 137 1.393919923316949E-5
159 158 1.3944811507932364E-5
159 159 8.378632725628986E-5
159 160 1.3954983636458943E-5
159 174 1.4000867891024349E-5
159 175 1.3993368483753611E-5
159 176 1.3953096503951076E-5
160 137 1.2145040631308757E-5
160 138 1.1356707061437822E-5
160 159 1.3954983636458943E-5
160 160 8.074460474835575E-5
160 161 1.4158726754468514E-5
160 176 1.4068534988400585E-5
160 177 1.5060611676281103E-5
161 138 1.174608213732193E-5
161 139 1.3210882801823433E-5
161 140 1.6348787965119226E-5
161 160 1.4158726754468514E-5
161 161 1.072839565914838E-4
161 162 1.7786238472355495E-5
161 177 1.6459156702583397E-5
161 178 1.7574081757811785E-5
162 140 1.5757593567576002E-5
162 141 0
162 161 1.7786238472355495E-5
162 162 9.374125362310103E-5
162 163 0
162 178 1.6776975617169473E-5
162 179 1.4872749516571078E-5
163 141 0
163 162 0
163 163 3
163 179 0
163 180 0
164 142 1.386296953395984E-5
164 143 1.3882915870742324E-5
164 144 1.388120489696509E-5
164 164 8.31575424684244E-5
164 165 1.3844022193269624E-5
164 181 1.385183317020024E-5
164 188 1.3834596803287262E-5
165 142 1.3844138351470862E-5
165 150 1.3835262290745356E-5
165 164 1.3844022193269624E-5
165 165 8.306290094071252E-5
165 166 1.386172775665585E-5
165 188 1.3825584362229552E-5
165 189 1.3852165986341292E-5
166 150 1.3794922223574334E-5
166 151 1.3725229433205134E-5
166 165 1.386172775665585E-5
166 166 8.258699253137032E-5
166 167 1.3708713250383189E-5
166 189 1.3789860791727632E-5
166 190 1.3706539075824172E-5
167 151 1.36943214026033E-5
167 152 1.3732939885681092E-5
167 166 1.3708713250383189E-5
167 167 8.249248205115652E-5
167 168 1.3740396757624858E-5
167 190 1.381152286535009E-5
167 191 1.3804587889513965E-5
168 152 1.364885434080773E-5
168 167 1.3740396757624858E-5
168 168 8.149247527519898E-5
168 169 1.3480559346940054E-5
168 191 1.3680219303257635E-5
168 192 1.352528153303459E-5
168 193 1.3417163993534129E-5
169 152 1.358680053960669E-5
169 153 1.3616037657167425E-5
169 168 1.3480559346940054E-5
169 169 8.123830028827752E-5
169 170 1.3573608253039057E-5
169 193 1.3458741351493006E-5
169 194 1.3522553140031271E-5
170 153 1.3632221680685511E-5
170 154 1.3618219048117943E-5
170 169 1.3573608253039057E-5
170 170 8.144524080701996E-5
170 171 1.3553058121418066E-5
170 194 1.3537340601406392E-5
170 195 1.3530793102352964E-5
171 154 1.3598194221422862E-5
171 155 1.3659725909673528E-5
171 170 1.3553058121418066E-5
171 171 8.166549598249998E-5
171 172 1.3682869864691842E-5
171 195 1.3551683905135292E-5
171 196 1.3619963960158413E-5
172 155 1.371366146113397E-5
172 156 1.3730133771107792E-5
172 171 1.3682869864691842E-5
172 172 8.211483646148265E-5
172 173 1.3690066822519978E-5
172 196 1.3653689947087394E-5
172 197 1.3644414594941708E-5
173 156 1.3779891790714562E-5
173 157 1.3889650873710907E-5
173 172 1.3690066822519978E-5
173 173 8.28310012830293E-5
173 174 1.3907599122387756E-5
173 197 1.372800972841233E-5
173 198 1.3835782945283758E-5
174 157 1.3912852544369738E-5
174 158 1.392190395898049E-5
174 159 1.4000867891024349E-5
174 173 1.3907599122387756E-5
174 174 8.377335537840448E-5
174 175 1.4057174607833974E-5
174 198 1.397295725380814E-5
175 159 1.3993368483753611E-5
175 174 1.4057174607833974E-5
175 175 8.364307957610719E-5
175 176 1.3882529659195226E-5
175 198 1.3949242229845125E-5
175 199 1.3881835521024386E-5
175 200 1.3878929074454853E-5
176 159 1.3953096503951076E-5
176 160 1.4068534988400585E-5
176 175 1.3882529659195226E-5
176 176 8.439599121877147E-5
176 177 1.4368434790539295E-5
176 200 1.387646431489536E-5
176 201 1.4246930961789912E-5
177 160 1.5060611676281103E-5
177 161 1.6459156702583397E-5
177 176 1.4368434790539295E-5
177 177 9.094155203563245E-5
177 178 1.5852326689904085E-5
177 201 1.4557837651631055E-5
177 202 1.4643184524693558E-5
178 161 1.7574081757811785E-5
178 162 1.6776975617169473E-5
178 177 1.5852326689904085E-5
178 178 9.431078078874865E-5
178 179 1.5028373720295374E-5
178 202 1.4552934916267156E-5
178 203 1.4526088087300766E-5
179 162 1.4872749516571078E-5
179 163 0
179 178 1.5028373720295374E-5
179 179 8.667356484362332E-5
179 180 0
179 203 1.4257440964919455E-5
179 204 1.3930782126364525E-5
180 163 0
180 179 0
180 180 3
180 204 0
180 205 0
181 144 1.3866521539532253E-5
181 164 1.385183317020024E-5
181 181 8.297734255856489E-5
181 182 1.3837461514278842E-5
181 188 1.3813422415778559E-5
181 206 1.3808727323971618E-5
181 207 1.379937659480335E-5
182 144 1.4105324761875403E-5
182 145 1.4270960079222416E-5
182 181 1.3837461514278842E-5
182 182 8.404473174129998E-5
182 183 1.410804765130793E-5
182 206 1.3808993457466642E-5
182 208 1.3913944277148719E-5
183 145 1.392356199454036E-5
183 146 1.3558569671708902E-5
183 182 1.410804765130793E-5
183 183 8.638926801973896E-5
183 184 1.4358216356777861E-5
183 208 1.4912855658551234E-5
183 209 1.5528016686852632E-5
184 146 1.1714634518487157E-5
184 147 1.0397362652805757E-5
184 148 1.1407725410530087E-5
184 183 1.4358216356777861E-5
184 184 7.311144108973395E-5
184 185 1.1800141535283353E-5
184 209 1.3433360615849715E-5
185 148 1.207306799613417E-5
185 184 1.1800141535283353E-5
185 185 5.86288231165058E-5
185 186 1.1693806301253368E-5
185 209 1.162272148068928E-5
185 210 1.1439085803145647E-5
186 148 1.3539493378082625E-5
186 149 1.4646653737444212E-5
186 185 1.1693806301253368E-5
186 186 8.373545043586752E-5
186 187 1.474654365409129E-5
186 210 1.3581688185759834E-5
186 211 1.552726517923617E-5
187 149 7.182344579185496E-6
187 186 1.474654365409129E-5
187 187 4.483228366780979E-5
187 211 1.523379725471939E-5
187 212 7.669598179813592E-6
188 164 1.3834596803287262E-5
188 165 1.3825584362229552E-5
188 181 1.3813422415778559E-5
188 188 8.281448658665295E-5
188 189 1.3793375060366804E-5
188 207 1.3779271429672434E-5
188 213 1.3768236515318382E-5
189 165 1.3852165986341292E-5
189 166 1.3789860791727632E-5
189 188 1.3793375060366804E-5
189 189 8.2630654929573E-5
189 190 1.3687299886034833E-5
189 213 1.3775861592410376E-5
189 222 1.3732091612692066E-5
190 166 1.3706539075824172E-5
190 167 1.381152286535009E-5
190 189 1.3687299886034833E-5
190 190 8.248761430350399E-5
190 191 1.3754296478561122E-5
190 222 1.378297159736672E-5
190 223 1.3744984400367091E-5
191 167 1.3804587889513965E-5
191 168 1.3680219303257635E-5
191 190 1.3754296478561122E-5
191 191 8.17874334877807E-5
191 192 1.356624659257444E-5
191 223 1.3522882261801954E-5
191 224 1.34592009620716E-5
192 168 1.352528153303459E-5
192 191 1.356624659257444E-5
192 192 8.076593598553217E-5
192 193 1.3424174839320067E-5
192 224 1.3435822466868417E-5
192 225 1.3392546560871563E-5
192 226 1.3421863992863062E-5
193 168 1.3417163993534129E-5
193 169 1.3458741351493006E-5
193 192 1.3424174839320067E-5
193 193 8.063768004111798E-5
193 194 1.346726977831143E-5
193 226 1.3434406248713411E-5
193 227 1.34359238297459E-5
194 169 1.3522553140031271E-5
194 170 1.3537340601406392E-5
194 193 1.346726977831143E-5
194 194 8.100040074659021E-5
194 195 1.3515609719118007E-5
194 227 1.3462037514145813E-5
194 228 1.349558999357727E-5
195 170 1.3530793102352964E-5
195 171 1.3551683905135292E-5
195 194 1.3515609719118007E-5
195 195 8.118409354167365E-5
195 196 1.3544605085981313E-5
195 228 1.3516648582502559E-5
195 229 1.3524753146583532E-5
196 171 1.3619963960158413E-5
196 172 1.3653689947087394E-5
196 195 1.3544605085981313E-5
196 196 8.146703964523834E-5
196 197 1.3595343490251451E-5
196 229 1.3518212372209289E-5
196 230 1.3535224789550452E-5
197 172 1.3644414594941708E-5
197 173 1.372800972841233E-5
197 196 1.3595343490251451E-5
197 197 8.189339837166649E-5
197 198 1.3748548148661035E-5
197 230 1.3553736442230498E-5
197 231 1.3623345967169448E-5
198 173 1.3835782945283758E-5
198 174 1.397295725380814E-5
198 175 1.3949242229845125E-5
198 197 1.3748548148661035E-5
198 198 8.29510652001926E-5
198 199 1.3754027197627149E-5
198 231 1.369050742496744E-5
199 175 1.3881835521024386E-5
199 198 1.3754027197627149E-5
199 199 8.369198410889441E-5
199 200 1.409428517097207E-5
199 231 1.3787924714273929E-5
199 232 1.3997679685847997E-5
199 233 1.417623181914891E-5
200 175 1.3878929074454853E-5
200 176 1.387646431489536E-5
200 199 1.409428517097207E-5
200 200 8.405755098612383E-5
200 201 1.3989127536921495E-5
200 233 1.416071888168555E-5
200 234 1.4058026007194469E-5
201 176 1.4246930961789912E-5
201 177 1.4557837651631055E-5
201 200 1.3989127536921495E-5
201 201 8.530013876934894E-5
201 202 1.441832798671272E-5
201 234 1.3984810436171826E-5
201 235 1.4103104196121905E-5
202 177 1.4643184524693558E-5
202 178 1.4552934916267156E-5
202 201 1.441832798671272E-5
202 202 8.546867428538244E-5
202 203 1.4019163203756123E-5
202 235 1.407198941424153E-5
202 236 1.3763074239711331E-5
203 178 1.4526088087300766E-5
203 179 1.4257440964919455E-5
203 202 1.4019163203756123E-5
203 203 8.327998683253024E-5
203 204 1.3575550364918125E-5
203 236 1.3538354964046244E-5
203 237 1.3363389247589555E-5
204 179 1.3930782126364525E-5
204 180 0
204 203 1.3575550364918125E-5
204 204 8.162215769245424E-5
204 205 0
204 237 1.3139416813199658E-5
204 238 1.3227755207420587E-5
205 180 0
205 204 0
205 205 3
205 238 0
205 239 0
206 181 1.3808727323971618E-5
206 182 1.3808993457466642E-5
206 206 8.267219663068524E-5
206 207 1.3780609701219518E-5
206 208 1.3754615301633348E-5
206 215 1.3772755689737646E-5
206 216 1.3746495156656447E-5
207 181 1.379937659480335E-5
207 188 1.3779271429672434E-5
207 206 1.3780609701219518E-5
207 207 8.23956022057928E-5
207 213 1.3695237682363835E-5
207 214 1.3637919972004435E-5
207 215 1.37031868257292E-5
208 182 1.3913944277148719E-5
208 183 1.4912855658551234E-5
208 206 1.3754615301633348E-5
208 208 8.551850977561273E-5
208 209 1.5304114746566115E-5
208 216 1.3541195864091542E-5
208 217 1.409178392762179E-5
209 183 1.5528016686852632E-5
209 184 1.3433360615849715E-5
209 185 1.162272148068928E-5
209 208 1.5304114746566115E-5
209 209 9.148389734490662E-5
209 210 1.1292617450443354E-5
209 217 1.3119056776184256E-5
209 218 1.118400958832129E-5
210 185 1.1439085803145647E-5
210 186 1.3581688185759834E-5
210 209 1.1292617450443354E-5
210 210 7.642073062248998E-5
210 211 1.569163590361716E-5
210 218 1.1079643604482182E-5
210 219 1.3336059675041808E-5
211 186 1.552726517923617E-5
211 187 1.523379725471939E-5
211 210 1.569163590361716E-5
211 211 9.357551005558274E-5
211 212 1.5144576479566326E-5
211 219 1.6115913368988892E-5
211 220 1.5862321869454834E-5
212 187 7.669598179813592E-6
212 211 1.5144576479566326E-5
212 212 4.5032870399264E-5
212 220 1.4846837019818399E-5
212 221 7.371858720065663E-6
213 188 1.3768236515318382E-5
213 189 1.3775861592410376E-5
213 207 1.3695237682363835E-5
213 213 8.203084095808285E-5
213 214 1.3664908852673152E-5
213 222 1.3582275111049874E-5
213 240 1.3544321204267199E-5
214 207 1.3637919972004435E-5
214 213 1.3664908852673152E-5
214 214 8.192622088875194E-5
214 215 1.3624143879459457E-5
214 240 1.3673208199621747E-5
214 241 1.367405771224335E-5
214 242 1.3651982272749779E-5
215 206 1.3772755689737646E-5
215 207 1.37031868257292E-5
215 214 1.3624143879459457E-5
215 215 8.216529340299439E-5
215 216 1.376786220742093E-5
215 242 1.3611597668347043E-5
215 243 1.3685747132300072E-5
216 206 1.3746495156656447E-5
216 208 1.3541195864091542E-5
216 215 1.376786220742093E-5
216 216 8.1421709510784E-5
216 217 1.3195340480647069E-5
216 243 1.3769019118088475E-5
216 244 1.3401796683879518E-5
217 208 1.409178392762179E-5
217 209 1.3119056776184256E-5
217 216 1.3195340480647069E-5
217 217 7.571159353444247E-5
217 218 1.076286589459366E-5
217 244 1.300114694500577E-5
217 245 1.1541399510389895E-5
218 209 1.118400958832129E-5
218 210 1.1079643604482182E-5
218 217 1.076286589459366E-5
218 218 5.5764526514817344E-5
218 219 1.1647243634087867E-5
218 245 1.1090763793332367E-5
219 210 1.3336059675041808E-5
219 211 1.6115913368988892E-5
219 218 1.1647243634087867E-5
219 219 1.0249695690989705E-4
219 220 1.6482525603857498E-5
