%%MatrixMarket matrix coordinate real general
%
1236 1236 7361
1 1 -1
1 2 -0
1 3 -0
1 4 -0
2 1 2.320508075688773E-1
2 2 -1.7960696283337618
2 3 8.334489564225351E-1
2 5 2.2665587898167078E-1
2 6 5.039139853606787E-1
3 1 3.660254037832511E-1
3 2 8.334489564225351E-1
3 3 -3.748100531030517
3 4 8.321247619486024E-1
3 6 8.307382686934396E-1
3 7 8.857631401826891E-1
4 1 -0
4 3 -0
4 4 -1
4 7 -0
4 8 -0
5 2 2.2665587898167078E-1
5 5 -1.7448577205457811
5 6 5.538702380110236E-1
5 9 7.021365635001233E-1
5 13 2.621950400529635E-1
6 2 5.039139853606787E-1
6 3 8.307382686934396E-1
6 5 5.538702380110236E-1
6 6 -3.5714870160951495
6 7 3.0022075185974484E-1
6 9 6.078250889404375E-1
6 10 7.749186832298258E-1
7 3 8.857631401826891E-1
7 4 4.927628355051624E-1
7 6 3.0022075185974484E-1
7 7 -3.6024014896447083
7 8 6.207302626985924E-1
7 10 7.73583608774727E-1
7 11 5.293408906237924E-1
8 4 -0
8 7 -0
8 8 -1
8 11 -0
8 12 -0
9 5 7.021365635001233E-1
9 6 6.078250889404375E-1
9 9 -3.5377983498809575
9 10 2.872054937265232E-1
9 13 5.14716528075776E-1
9 14 6.1448873392837E-1
9 15 8.114259417097274E-1
10 6 7.749186832298258E-1
10 7 7.73583608774727E-1
10 9 2.872054937265232E-1
10 10 -3.675872695145561
10 11 2.3743918074833542E-1
10 15 6.683945380211641E-1
10 16 9.343311906449854E-1
11 7 5.293408906237924E-1
11 8 5.520789220695462E-1
11 10 2.3743918074833542E-1
11 11 -3.437197760647187
11 12 5.202115006060904E-1
11 16 6.509529108961041E-1
11 17 2.89344006582072E-1
11 18 6.578303491212464E-1
12 8 -0
12 11 -0
12 12 -1
12 18 -0
12 19 -0
13 5 2.621950400529635E-1
13 9 5.14716528075776E-1
13 13 -1.7400068244683768
13 14 6.126529416502046E-1
13 20 3.504423146894329E-1
14 9 6.1448873392837E-1
14 13 6.126529416502046E-1
14 14 -3.4821982135453178
14 15 2.7148432185728966E-1
14 20 3.6660945841811776E-1
14 21 4.549737687181557E-1
14 28 3.7273472933462254E-1
14 30 7.892542596385576E-1
15 9 8.114259417097274E-1
15 10 6.683945380211641E-1
15 14 2.7148432185728966E-1
15 15 -3.574607288566701
15 16 5.327503779974885E-1
15 21 8.074520786727085E-1
15 22 4.8310003030832255E-1
16 10 9.343311906449854E-1
16 11 6.509529108961041E-1
16 15 5.327503779974885E-1
16 16 -3.7086104633885784
16 17 7.462833492642489E-1
16 22 8.442926345857513E-1
17 11 2.89344006582072E-1
17 16 7.462833492642489E-1
17 17 -3.506774295554309
17 18 4.96787984855169E-1
17 22 4.3280731711929715E-1
17 23 4.2431871395921883E-1
17 24 3.4387952468147864E-1
17 25 7.733533990928241E-1
18 11 6.578303491212464E-1
18 12 6.025012611710734E-1
18 17 4.96787984855169E-1
18 18 -3.553770310624688
18 19 5.684255462605659E-1
18 25 8.406808554924434E-1
18 26 3.875443137241897E-1
19 12 -0
19 18 -0
19 19 -1
19 26 -0
19 27 -0
20 13 3.504423146894329E-1
20 14 3.6660945841811776E-1
20 20 -1.7795688049599048
20 28 8.066836200162291E-1
20 29 2.558334118361249E-1
21 14 4.549737687181557E-1
21 15 8.074520786727085E-1
21 21 -3.560390238871325
21 22 5.270943652917441E-1
21 30 8.108351101047149E-1
21 31 5.474524574555173E-1
21 38 4.1258245862848425E-1
22 15 4.8310003030832255E-1
22 16 8.442926345857513E-1
22 17 4.3280731711929715E-1
22 21 5.270943652917441E-1
22 22 -3.529559899084231
22 23 6.53481400400798E-1
22 31 5.887841513783174E-1
23 17 4.2431871395921883E-1
23 22 6.53481400400798E-1
23 23 -3.491952338553416
23 24 7.050861668136567E-1
23 31 5.76914226279861E-1
23 32 5.665695277762435E-1
23 33 5.65582303323638E-1
24 17 3.4387952468147864E-1
24 23 7.050861668136567E-1
24 24 -3.544919146328984
24 25 8.462163285166087E-1
24 33 5.802196550979513E-1
24 34 5.451532781970825E-1
24 35 5.243641930222064E-1
25 17 7.733533990928241E-1
25 18 8.406808554924434E-1
25 24 8.462163285166087E-1
25 25 -3.6923662746447032
25 26 7.958282203672324E-1
25 35 4.362874711755944E-1
26 18 3.875443137241897E-1
26 19 6.0230231855055E-1
26 25 7.958282203672324E-1
26 26 -3.519380758820842
26 27 5.956690295358831E-1
26 35 6.322350203861247E-1
26 36 5.058018562568625E-1
27 19 -0
27 26 -0
27 27 -1
27 36 -0
27 37 -0
28 14 3.7273472933462254E-1
28 20 8.066836200162291E-1
28 28 -3.583710012220342
28 29 5.529060630944221E-1
28 30 8.594489259128211E-1
28 39 6.212600499136458E-1
28 40 3.706766239486011E-1
29 20 2.558334118361249E-1
29 28 5.529060630944221E-1
29 29 -1.7371106166493762
29 40 6.460435214848579E-1
29 41 2.823276202339711E-1
30 14 7.892542596385576E-1
30 21 8.108351101047149E-1
30 28 8.594489259128211E-1
30 30 -3.689744283034794
30 38 7.862508075427854E-1
30 39 4.4395517983591526E-1
31 21 5.474524574555173E-1
31 22 5.887841513783174E-1
31 23 5.76914226279861E-1
31 31 -3.466703022391517
31 32 5.780224747369405E-1
31 38 6.305221573221438E-1
31 42 5.450075552187373E-1
32 23 5.665695277762435E-1
32 31 5.780224747369405E-1
32 32 -3.46436657857379
32 33 5.88504545787131E-1
32 42 5.845460257961708E-1
32 43 5.699396223758646E-1
32 44 5.767843821014393E-1
33 23 5.65582303323638E-1
33 24 5.802196550979513E-1
33 32 5.88504545787131E-1
33 33 -3.4643511800398485
33 34 5.737185849621182E-1
33 44 5.797545621844172E-1
33 45 5.765715286845923E-1
34 24 5.451532781970825E-1
34 33 5.737185849621182E-1
34 34 -3.491476085441697
34 35 7.349629522433851E-1
34 45 5.740033285222017E-1
34 46 6.30123700079853E-1
34 47 4.335142414370564E-1
35 24 5.243641930222064E-1
35 25 4.362874711755944E-1
35 26 6.322350203861247E-1
35 34 7.349629522433851E-1
35 35 -3.502012929522907
35 36 6.75777495786427E-1
35 47 4.9838579690916973E-1
36 26 5.058018562568625E-1
36 27 5.764009480573808E-1
36 35 6.75777495786427E-1
36 36 -3.47952698151431
36 37 5.770909213736614E-1
36 47 5.098428368245997E-1
36 48 6.346129232153788E-1
37 27 -0
37 36 -0
37 37 -1
37 48 -0
37 49 -0
38 21 4.1258245862848425E-1
38 30 7.862508075427854E-1
38 31 6.305221573221438E-1
38 38 -3.5096221435917325
38 39 5.117837221990635E-1
38 42 6.149290590961529E-1
38 50 5.535539388031027E-1
39 28 6.212600499136458E-1
39 30 4.4395517983591526E-1
39 38 5.117837221990635E-1
39 39 -3.500251749176714
39 40 7.86572386839542E-1
39 50 5.99736501192861E-1
39 51 5.369439091956866E-1
40 28 3.706766239486011E-1
40 29 6.460435214848579E-1
40 39 7.86572386839542E-1
40 40 -3.5335443051232107
40 41 6.813091961815356E-1
40 51 5.931771500731509E-1
40 52 4.5576542659552344E-1
41 29 2.823276202339711E-1
41 40 6.813091961815356E-1
41 41 -1.7655677255793922
41 52 4.0885231431141916E-1
41 53 3.930785948524663E-1
42 31 5.450075552187373E-1
42 32 5.845460257961708E-1
42 38 6.149290590961529E-1
42 42 -3.465687416050769
42 43 5.819613188316126E-1
42 50 5.671310036323016E-1
42 54 5.721124534757938E-1
43 32 5.699396223758646E-1
43 42 5.819613188316126E-1
43 43 -3.4644290462564515
43 44 5.761413222474445E-1
43 54 5.85682168010651E-1
43 60 5.92111567775425E-1
43 61 5.58593047015454E-1
44 32 5.767843821014393E-1
44 33 5.797545621844172E-1
44 43 5.761413222474445E-1
44 44 -3.46419895233384
44 45 5.738885170531516E-1
44 60 5.711202146986749E-1
44 62 5.865099540487124E-1
45 33 5.765715286845923E-1
45 34 5.740033285222017E-1
45 44 5.738885170531516E-1
45 45 -3.4660179421178823
45 46 6.188939964384822E-1
45 62 5.814374114290095E-1
45 63 5.412231599904447E-1
46 34 6.30123700079853E-1
46 45 6.188939964384822E-1
46 46 -3.543766136343266
46 47 4.628411792949279E-1
46 63 5.939014570024408E-1
46 64 4.037057129083719E-1
46 65 8.343000906191904E-1
47 34 4.335142414370564E-1
47 35 4.9838579690916973E-1
47 36 5.098428368245997E-1
47 46 4.628411792949279E-1
47 47 -3.4115234217140795
47 48 4.840452161930386E-1
47 65 6.495863380987692E-1
47 66 3.733078129565174E-1
48 36 6.346129232153788E-1
48 37 5.7175753393185E-1
48 47 4.840452161930386E-1
48 48 -3.48148183241673
48 49 5.569076132394426E-1
48 66 7.017648806283103E-1
48 67 5.323936652087096E-1
49 37 -0
49 48 -0
49 49 -1
49 67 -0
49 68 -0
50 38 5.535539388031027E-1
50 39 5.99736501192861E-1
50 42 5.671310036323016E-1
50 50 -3.4648189395768423
50 51 5.801197006829195E-1
50 54 5.769052848692432E-1
50 55 5.87372510396414E-1
51 39 5.369439091956866E-1
51 40 5.931771500731509E-1
51 50 5.801197006829195E-1
51 51 -3.4774878338694193
51 52 6.061787320615544E-1
51 55 5.3658922373009E-1
51 56 6.244791181260176E-1
52 40 4.5576542659552344E-1
52 41 4.0885231431141916E-1
52 51 6.061787320615544E-1
52 52 -3.3964639043146816
52 53 5.844735306339641E-1
52 56 4.074884988280238E-1
52 57 4.620171920986371E-1
52 58 4.716882097855597E-1
53 41 3.930785948524663E-1
53 52 5.844735306339641E-1
53 53 -1.750517948902573
53 58 4.67190223264324E-1
53 59 3.057756001518186E-1
54 42 5.721124534757938E-1
54 43 5.85682168010651E-1
54 50 5.769052848692432E-1
54 54 -3.4644303798597997
54 55 5.755852081139594E-1
54 61 5.91242676106442E-1
54 69 5.629025892837105E-1
55 50 5.87372510396414E-1
55 51 5.3658922373009E-1
55 54 5.755852081139594E-1
55 55 -3.4670329740694523
55 56 6.332032662941627E-1
55 69 5.803788441092441E-1
55 80 5.539039214255821E-1
56 51 6.244791181260176E-1
56 52 4.074884988280238E-1
56 55 6.332032662941627E-1
56 56 -3.558474582307092
56 57 9.161502745476733E-1
56 80 5.864826721804175E-1
56 81 3.906707523307968E-1
57 52 4.620171920986371E-1
57 56 9.161502745476733E-1
57 57 -3.71561835790578
57 58 8.552299785078238E-1
57 81 7.191655317504513E-1
57 82 7.630553810011946E-1
58 52 4.716882097855597E-1
58 53 4.67190223264324E-1
58 57 8.552299785078238E-1
58 58 -3.5530631659538985
58 59 7.048711416691767E-1
58 82 4.6245263629516287E-1
58 83 5.916309764318516E-1
59 53 3.057756001518186E-1
59 58 7.048711416691767E-1
59 59 -1.7472181565263774
59 83 4.832081235834425E-1
59 84 2.533632911219395E-1
60 43 5.92111567775425E-1
60 44 5.711202146986749E-1
60 60 -3.466315511247676
60 61 5.854467977981446E-1
60 62 5.572191233239566E-1
60 71 5.380505157888753E-1
60 72 6.223672918625999E-1
61 43 5.58593047015454E-1
61 54 5.91242676106442E-1
61 60 5.854467977981446E-1
61 61 -3.4648558381707404
61 69 5.862075612268827E-1
61 70 5.545382838770222E-1
61 71 5.888274721467952E-1
62 44 5.865099540487124E-1
62 45 5.814374114290095E-1
62 60 5.572191233239566E-1
62 62 -3.464659001779087
62 63 5.685820447596619E-1
62 72 5.79289348882901E-1
62 73 5.916211193348453E-1
63 45 5.412231599904447E-1
63 46 5.939014570024408E-1
63 62 5.685820447596619E-1
63 63 -3.472616111202121
63 64 6.243309451733015E-1
63 73 6.256519078489865E-1
63 74 5.189265964272858E-1
64 46 4.037057129083719E-1
64 63 6.243309451733015E-1
64 64 -3.541053315193095
64 65 8.588452928700443E-1
64 74 6.050278635824267E-1
64 75 5.552967719552198E-1
64 76 4.93846728703731E-1
65 46 8.343000906191904E-1
65 47 6.495863380987692E-1
65 64 8.588452928700443E-1
65 65 -3.6872911138230102
65 66 8.274901969157518E-1
65 76 5.17069195319255E-1
66 47 3.733078129565174E-1
66 48 7.017648806283103E-1
66 65 8.274901969157518E-1
66 66 -3.555868499580489
66 67 5.917611310431478E-1
66 76 6.456998953344277E-1
66 77 4.158445827023338E-1
67 48 5.323936652087096E-1
67 49 5.907394475523235E-1
67 66 5.917611310431478E-1
67 67 -3.47493603996175
67 68 5.515456015241409E-1
67 77 6.849357295163061E-1
67 78 5.23560465117122E-1
68 49 -0
68 67 -0
68 68 -1
68 78 -0
68 79 -0
69 54 5.629025892837105E-1
69 55 5.803788441092441E-1
69 61 5.862075612268827E-1
69 69 -3.4646330617234007
69 70 5.858680958953687E-1
69 80 5.65539144865562E-1
69 85 5.837368263426328E-1
70 61 5.545382838770222E-1
70 69 5.858680958953687E-1
70 70 -3.4660169001388166
70 71 6.070075624046555E-1
70 85 5.987316622194105E-1
70 86 5.848788626417663E-1
70 87 5.349924331005935E-1
71 60 5.380505157888753E-1
71 61 5.888274721467952E-1
71 70 6.070075624046555E-1
71 71 -3.4682896387401976
71 72 5.302050848453862E-1
71 87 5.787971199617792E-1
71 88 6.254018835927068E-1
72 60 6.223672918625999E-1
72 62 5.79289348882901E-1
72 71 5.302050848453862E-1
72 72 -3.467046146662056
72 73 6.024102745710629E-1
72 88 5.543536188934007E-1
72 89 5.784205276067047E-1
73 62 5.916211193348453E-1
73 63 6.256519078489865E-1
73 72 6.024102745710629E-1
73 73 -3.482608163206459
73 74 4.817684679562626E-1
73 89 4.9260108426943494E-1
73 90 6.885553092258667E-1
74 63 5.189265964272858E-1
74 64 6.050278635824267E-1
74 73 4.817684679562626E-1
74 74 -3.419757656894789
74 75 4.147805360703868E-1
74 90 3.660565366811009E-1
74 91 6.83766128454993E-1
74 92 3.494315277223332E-1
75 64 5.552967719552198E-1
75 74 4.147805360703868E-1
75 75 -3.5641051953796445
75 76 7.618799804814391E-1
75 92 9.146180309257892E-1
75 93 3.8502892996376364E-1
75 94 5.325009459830463E-1
76 64 4.93846728703731E-1
76 65 5.17069195319255E-1
76 66 6.456998953344277E-1
76 75 7.618799804814391E-1
76 76 -3.506520178901876
76 77 6.525266698278662E-1
76 94 4.354977092351572E-1
77 66 4.158445827023338E-1
77 67 6.849357295163061E-1
77 76 6.525266698278662E-1
77 77 -3.5154866793134207
77 78 5.596851280765397E-1
77 94 7.792633498258733E-1
77 95 4.232312193645016E-1
78 67 5.23560465117122E-1
78 68 6.178803896234519E-1
78 77 5.596851280765397E-1
78 78 -3.484554614386256
78 79 5.411918514539324E-1
78 95 7.338734501124051E-1
78 96 5.083633300028046E-1
79 68 -0
79 78 -0
79 79 -1
79 96 -0
79 97 -0
80 55 5.539039214255821E-1
80 56 5.864826721804175E-1
80 69 5.65539144865562E-1
80 80 -3.467007681483282
80 81 6.112952383160304E-1
80 85 5.959749664575018E-1
80 98 5.538117382381884E-1
81 56 3.906707523307968E-1
81 57 7.191655317504513E-1
81 80 6.112952383160304E-1
81 81 -3.540767613788617
81 82 5.039198616993887E-1
81 98 7.81742826742738E-1
81 99 5.339734029492121E-1
82 57 7.630553810011946E-1
82 58 4.6245263629516287E-1
82 81 5.039198616993887E-1
82 82 -3.551482025406761
82 83 5.333710157268535E-1
82 99 4.820390352395333E-1
82 100 8.06644095444628E-1
83 58 5.916309764318516E-1
83 59 4.832081235834425E-1
83 82 5.333710157268535E-1
83 83 -3.504832250069395
83 84 6.770723506218812E-1
83 100 7.280622654707756E-1
83 101 4.914875182345901E-1
84 59 2.533632911219395E-1
84 83 6.770723506218812E-1
84 84 -1.7405038430142055
84 101 5.459645939280796E-1
84 102 2.641036073423052E-1
85 69 5.837368263426328E-1
85 70 5.987316622194105E-1
85 80 5.959749664575018E-1
85 85 -3.4671665614205383
85 86 5.726054122114719E-1
85 98 5.216728117696913E-1
85 103 5.944448824198301E-1
86 70 5.848788626417663E-1
86 85 5.726054122114719E-1
86 86 -3.532043563444418
86 87 6.986534253584666E-1
86 103 4.5831321580282003E-1
86 109 3.841722440332793E-1
86 110 8.334204033966137E-1
87 70 5.349924331005935E-1
87 71 5.787971199617792E-1
87 86 6.986534253584666E-1
87 87 -3.5029160079471695
87 88 5.42271891197372E-1
87 109 4.4720959878487776E-1
87 111 7.009915395440803E-1
88 71 6.254018835927068E-1
88 72 5.543536188934007E-1
88 87 5.42271891197372E-1
88 88 -3.470896523000307
88 89 5.578759564317906E-1
88 111 6.370323748908749E-1
88 112 5.539607979941621E-1
89 72 5.784205276067047E-1
89 73 4.9260108426943494E-1
89 88 5.578759564317906E-1
89 89 -3.547806490923996
89 90 8.11240093998688E-1
89 112 7.678528361465717E-1
89 113 3.3981599247080635E-1
90 73 6.885553092258667E-1
90 74 3.660565366811009E-1
90 89 8.11240093998688E-1
90 90 -3.6264414341299136
90 91 7.82942460644703E-1
90 113 3.022653478348838E-1
90 114 6.753816857446713E-1
91 74 6.83766128454993E-1
91 90 7.82942460644703E-1
91 91 -3.65589558628995
91 92 7.688188952425675E-1
91 114 6.97372063701381E-1
91 115 7.229960382463053E-1
92 74 3.494315277223332E-1
92 75 9.146180309257892E-1
92 91 7.688188952425675E-1
92 92 -3.5751467792119493
92 93 5.021102080215948E-1
92 115 5.137171347633125E-1
92 116 5.264509825363521E-1
93 75 3.8502892996376364E-1
93 92 5.021102080215948E-1
93 93 -3.52220465584214
93 94 8.063534128235512E-1
93 116 7.587567658230236E-1
93 117 5.021805644244275E-1
93 118 5.677747747857791E-1
94 75 5.325009459830463E-1
94 76 4.354977092351572E-1
94 77 7.792633498258733E-1
94 93 8.063534128235512E-1
94 94 -3.5281191082921226
94 95 5.699795499866309E-1
94 118 4.045241404378638E-1
95 77 4.232312193645016E-1
95 78 7.338734501124051E-1
95 94 5.699795499866309E-1
95 95 -3.51358799231026
95 96 4.737327519324592E-1
95 118 7.216248865152055E-1
95 119 5.911461343990572E-1
96 78 5.083633300028046E-1
96 79 6.408416018334635E-1
96 95 4.737327519324592E-1
96 96 -3.542188788803939
96 97 5.541505929441604E-1
96 119 8.851561845927517E-1
96 120 4.799443274982997E-1
97 79 -0
97 96 -0
97 97 -1
97 120 -0
97 121 -0
98 80 5.538117382381884E-1
98 81 7.81742826742738E-1
98 85 5.216728117696913E-1
98 98 -3.538539806616241
98 99 3.037689726743645E-1
98 103 6.710657675850916E-1
98 104 7.064776896061672E-1
99 81 5.339734029492121E-1
99 82 4.820390352395333E-1
99 98 3.037689726743645E-1
99 99 -3.5290759733789767
99 100 6.478582745153688E-1
99 104 4.957259124876158E-1
99 105 9.016298948463122E-1
99 106 1.6408048066656988E-1
100 82 8.06644095444628E-1
100 83 7.280622654707756E-1
100 99 6.478582745153688E-1
100 100 -3.6731659772685554
100 101 6.712838893819066E-1
100 106 8.193174524558763E-1
101 83 4.914875182345901E-1
101 84 5.459645939280796E-1
101 100 6.712838893819066E-1
101 101 -3.50559788604654
101 102 5.786359696399945E-1
101 106 5.259970006239951E-1
101 107 6.92228914237974E-1
102 84 2.641036073423052E-1
102 101 5.786359696399945E-1
102 102 -1.7340654375582152
102 107 6.136544246409343E-1
102 108 2.776714359349811E-1
103 85 5.944448824198301E-1
103 86 4.5831321580282003E-1
103 98 6.710657675850916E-1
103 103 -3.4845738999423426
103 104 4.703636519459702E-1
103 110 6.361816454947229E-1
103 122 6.542047366939079E-1
104 98 7.064776896061672E-1
104 99 4.957259124876158E-1
104 103 4.703636519459702E-1
104 104 -3.508601942142798
104 105 6.650018576882658E-1
104 122 6.678643162674167E-1
104 123 5.031685141473623E-1
105 99 9.016298948463122E-1
105 104 6.650018576882658E-1
105 105 -3.7063415552595873
105 106 5.314188199820797E-1
105 123 6.624558290895348E-1
105 124 9.458351536533947E-1
106 99 1.6408048066656988E-1
106 100 8.193174524558763E-1
106 101 5.259970006239951E-1
106 105 5.314188199820797E-1
106 106 -3.502567155809329
106 107 3.1667040943343405E-1
106 124 5.834955826803855E-1
106 125 5.615874099669886E-1
107 101 6.92228914237974E-1
107 102 6.136544246409343E-1
107 106 3.1667040943343405E-1
107 107 -3.5296042151706417
107 108 5.787888671410595E-1
107 125 8.131609743190208E-1
107 126 5.151006253982191E-1
108 102 2.776714359349811E-1
108 107 5.787888671410595E-1
108 108 -1.7335803491257247
108 126 5.757419250019351E-1
108 127 3.01378121047749E-1
109 86 3.841722440332793E-1
109 87 4.4720959878487776E-1
109 109 -1.8921578037958207
109 110 3.362601340376768E-1
109 111 3.4714788148585574E-1
109 128 3.773679454541312E-1
110 86 8.334204033966137E-1
110 103 6.361816454947229E-1
110 109 3.362601340376768E-1
110 110 -3.5681844593735788
110 122 3.8749512002435965E-1
110 128 7.70979325912017E-1
110 129 6.038478305081886E-1
111 87 7.009915395440803E-1
111 88 6.370323748908749E-1
111 109 3.4714788148585574E-1
111 111 -1.9557994398350522
111 112 2.706276439142412E-1
112 88 5.539607979941621E-1
112 89 7.678528361465717E-1
112 111 2.706276439142412E-1
112 112 -1.967299856956612
112 113 3.74858578901637E-1
113 89 3.3981599247080635E-1
113 90 3.022653478348838E-1
113 112 3.74858578901637E-1
113 113 -1.8963870431454708
113 114 5.918023939222735E-1
113 134 2.876447300158701E-1
114 90 6.753816857446713E-1
114 91 6.97372063701381E-1
114 113 5.918023939222735E-1
114 114 -3.592335992781975
114 115 6.199904314944831E-1
114 134 7.482629897616335E-1
114 135 2.595264281575331E-1
115 91 7.229960382463053E-1
115 92 5.137171347633125E-1
115 114 6.199904314944831E-1
115 115 -3.5418259807167782
115 116 4.502186131507256E-1
115 135 5.555272038313008E-1
115 136 6.793765592306507E-1
116 92 5.264509825363521E-1
116 93 7.587567658230236E-1
116 115 4.502186131507256E-1
116 116 -3.577757912074067
116 117 5.35400313865461E-1
116 136 9.296819597354428E-1
116 137 3.772492769630616E-1
117 93 5.021805644244275E-1
117 116 5.35400313865461E-1
117 117 -3.5188772630071505
117 118 7.798786802072373E-1
117 137 6.261180730634361E-1
117 138 7.010011350906901E-1
117 139 3.742984963558984E-1
118 93 5.677747747857791E-1
118 94 4.045241404378638E-1
118 95 7.216248865152055E-1
118 117 7.798786802072373E-1
118 118 -3.5617054635919807
118 119 7.197561908267635E-1
118 139 3.68146790819132E-1
119 95 5.911461343990572E-1
119 96 8.851561845927517E-1
119 118 7.197561908267635E-1
119 119 -3.691591846248609
119 120 6.034825754640523E-1
119 139 8.920507609659837E-1
120 96 4.799443274982997E-1
120 97 5.520907402274582E-1
120 119 6.034825754640523E-1
120 120 -3.500776147105868
120 121 4.3919560091255994E-1
120 139 2.2561604496980153E-1
120 140 8.788443151020455E-1
120 141 3.2160254293165075E-1
121 97 -0
121 120 -0
121 121 -1
121 141 -0
121 142 -0
122 103 6.542047366939079E-1
122 104 6.678643162674167E-1
122 110 3.8749512002435965E-1
122 122 -3.515558612943339
122 123 4.6022697031763904E-1
122 129 7.630978359928791E-1
122 143 5.826696336471371E-1
123 104 5.031685141473623E-1
123 105 6.624558290895348E-1
123 122 4.6022697031763904E-1
123 123 -3.4276175978844954
123 124 3.296012084899044E-1
123 143 3.9080669992459066E-1
123 161 6.103288004643239E-1
123 162 4.710295754511405E-1
124 105 9.458351536533947E-1
124 106 5.834955826803855E-1
124 123 3.296012084899044E-1
124 124 -3.566099425082157
124 125 4.7530387916573735E-1
124 162 6.254413063003201E-1
124 163 6.064222947924149E-1
125 106 5.615874099669886E-1
125 107 8.131609743190208E-1
125 124 4.7530387916573735E-1
125 125 -3.5631451304539987
125 126 3.48964415946856E-1
125 163 5.616377782152702E-1
125 164 8.024906728401258E-1
126 107 5.151006253982191E-1
126 108 5.757419250019351E-1
126 125 3.48964415946856E-1
126 126 -3.4279954504858643
126 127 6.385688584501248E-1
126 164 6.531202493050476E-1
126 165 2.890808395619665E-1
126 166 4.074185368217149E-1
127 108 3.01378121047749E-1
127 126 6.385688584501248E-1
127 127 -1.7423669734827278
127 166 5.499915701757345E-1
127 167 2.5242842380911973E-1
128 109 3.773679454541312E-1
128 110 7.70979325912017E-1
128 128 -1.9698385755595833
128 129 5.405931300119986E-1
128 145 2.808981741814367E-1
129 110 6.038478305081886E-1
129 122 7.630978359928791E-1
129 128 5.405931300119986E-1
129 129 -3.528151745609197
129 143 6.429895578771071E-1
129 144 2.93489912561717E-1
129 145 6.841334786573064E-1
134 113 2.876447300158701E-1
134 114 7.482629897616335E-1
134 134 -1.9584418476026433
134 135 6.287982235165013E-1
134 151 2.9373590430863844E-1
135 114 2.595264281575331E-1
135 115 5.555272038313008E-1
135 134 6.287982235165013E-1
135 135 -3.4879888023011394
135 136 6.194369819196655E-1
135 151 6.66920633155288E-1
135 152 2.4866709518368285E-1
135 153 5.091122365371681E-1
136 115 6.793765592306507E-1
136 116 9.296819597354428E-1
136 135 6.194369819196655E-1
136 136 -3.743600437466505
136 137 4.820526817819125E-1
136 153 1.0330522547988337
137 116 3.772492769630616E-1
137 117 6.261180730634361E-1
137 136 4.820526817819125E-1
137 137 -3.4226170195362915
137 138 4.826098428335974E-1
137 153 5.386438832497986E-1
137 154 5.339818181046525E-1
137 155 3.819614435398328E-1
138 117 7.010011350906901E-1
138 137 4.826098428335974E-1
138 138 -3.491419754826082
138 139 5.726412380524569E-1
138 155 6.427288322451548E-1
138 156 4.783172537950743E-1
138 157 6.141214528091083E-1
139 117 3.742984963558984E-1
139 118 3.68146790819132E-1
139 119 8.920507609659837E-1
139 120 2.2561604496980153E-1
139 138 5.726412380524569E-1
139 139 -3.5028773255026264
139 140 6.428557840956094E-1
139 157 4.272682102437451E-1
140 120 8.788443151020455E-1
140 139 6.428557840956094E-1
140 140 -3.71855433678953
140 141 9.11794447392465E-1
140 157 8.648773548000044E-1
140 158 4.201824353994062E-1
141 120 3.2160254293165075E-1
141 121 7.089227243331306E-1
141 140 9.11794447392465E-1
141 141 -3.5690283491946735
141 142 6.113975284672597E-1
141 158 4.99598524835186E-1
141 159 5.157125812349814E-1
142 121 -0
142 141 -0
142 142 -1
142 159 -0
142 160 -0
143 122 5.826696336471371E-1
143 123 3.9080669992459066E-1
143 129 6.429895578771071E-1
143 143 -3.6036102333396682
143 144 6.584592494161832E-1
143 161 9.975112747298296E-1
143 169 3.311738177448208E-1
144 129 2.93489912561717E-1
144 143 6.584592494161832E-1
144 144 -3.5389536688645293
144 145 7.253687137583238E-1
144 169 7.952988192494317E-1
144 170 5.464003449354007E-1
144 171 5.19936628943473E-1
145 128 2.808981741814367E-1
145 129 6.841334786573064E-1
145 144 7.253687137583238E-1
145 145 -1.961156558346528
145 171 2.7075619174946103E-1
151 134 2.9373590430863844E-1
151 135 6.66920633155288E-1
151 151 -1.9548889100369973
151 152 6.268882066450816E-1
151 179 3.673441659279893E-1
152 135 2.4866709518368285E-1
152 151 6.268882066450816E-1
152 152 -3.4956478354705283
152 153 8.857495070404239E-1
152 154 3.332165688194918E-1
152 179 3.905767526421719E-1
152 180 4.337178790654463E-1
152 181 5.768318260742304E-1
153 135 5.091122365371681E-1
153 136 1.0330522547988337
153 137 5.386438832497986E-1
153 152 8.857495070404239E-1
153 153 -3.767928670257404
153 154 8.013707886311805E-1
154 137 5.339818181046525E-1
154 152 3.332165688194918E-1
154 153 8.013707886311805E-1
154 154 -3.5873827109664456
154 155 7.648464793311472E-1
154 181 7.942718368920612E-1
154 182 3.596952191879129E-1
155 137 3.819614435398328E-1
155 138 6.427288322451548E-1
155 154 7.648464793311472E-1
155 155 -3.522752847768193
155 156 7.36416866040051E-1
155 182 5.169224066195102E-1
155 183 4.7987681999249754E-1
156 138 4.783172537950743E-1
156 155 7.36416866040051E-1
156 156 -3.5295393773230845
156 157 6.008199064985409E-1
156 183 5.730349697292767E-1
156 184 3.6018249606420205E-1
156 189 7.807678851959394E-1
157 138 6.141214528091083E-1
157 139 4.272682102437451E-1
157 140 8.648773548000044E-1
157 156 6.008199064985409E-1
157 157 -3.5378642222103243
157 158 4.215551204573644E-1
157 189 6.092221774015611E-1
158 140 4.201824353994062E-1
158 141 4.99598524835186E-1
158 157 4.215551204573644E-1
158 158 -3.508645413710237
158 159 5.936132441967705E-1
158 185 1.2329708211683532E-1
158 186 5.7708018997496E-1
158 189 8.733188167297149E-1
159 141 5.157125812349814E-1
159 142 6.179214199669659E-1
159 158 5.936132441967705E-1
159 159 -3.5201248205040603
159 160 6.273634396757884E-1
159 186 8.080471455230397E-1
159 187 3.57466989906514E-1
160 142 -0
160 159 -0
160 160 -1
160 187 -0
160 188 -0
161 123 6.103288004643239E-1
161 143 9.975112747298296E-1
161 161 -3.7538339137271235
161 162 8.66043869807704E-1
161 169 3.9602895286280315E-1
161 190 8.839210158624624E-1
162 123 4.710295754511405E-1
162 124 6.254413063003201E-1
162 161 8.66043869807704E-1
162 162 -3.5495715079194
162 163 6.18161373956431E-1
162 190 3.4782523408396976E-1
162 191 6.210701483198351E-1
163 124 6.064222947924149E-1
163 125 5.616377782152702E-1
163 162 6.18161373956431E-1
163 163 -3.4968131651747347
163 164 7.184538475546665E-1
163 191 5.203219229273273E-1
163 192 4.71815947728625E-1
164 125 8.024906728401258E-1
164 126 6.531202493050476E-1
164 163 7.184538475546665E-1
164 164 -3.672798857766791
164 165 8.258097065298923E-1
164 192 6.729243815370594E-1
165 126 2.890808395619665E-1
165 164 8.258097065298923E-1
165 165 -3.645390787821669
165 166 1.0004068336271879
165 192 6.065589957449116E-1
165 193 5.050434994109284E-1
165 194 4.184909129467823E-1
166 126 4.074185368217149E-1
166 127 5.499915701757345E-1
166 165 1.0004068336271879
166 166 -3.631884925491969
166 167 6.93035794993319E-1
166 194 2.745803052428241E-1
166 195 7.064518846311888E-1
167 127 2.5242842380911973E-1
167 166 6.93035794993319E-1
167 167 -1.7736128806746776
167 195 6.946374923155284E-1
167 196 1.3351116955671072E-1
169 143 3.311738177448208E-1
169 144 7.952988192494317E-1
169 161 3.9602895286280315E-1
169 169 -3.4450499106202637
169 170 3.6595111168539723E-1
169 190 6.162336931431085E-1
169 197 3.8428203233487035E-1
169 198 5.560814835998316E-1
170 144 5.464003449354007E-1
170 169 3.6595111168539723E-1
170 170 -3.649108917522248
170 171 8.638762832974965E-1
170 197 9.101644073098119E-1
170 206 3.311410127677903E-1
170 207 6.315757575263515E-1
171 144 5.19936628943473E-1
171 145 2.7075619174946103E-1
171 170 8.638762832974965E-1
171 171 -1.9815682630077056
171 206 3.2699915901727516E-1
179 151 3.673441659279893E-1
179 152 3.905767526421719E-1
179 179 -2.006958254156874
179 180 8.880826440181153E-1
179 216 3.609546915685971E-1
180 152 4.337178790654463E-1
180 179 8.880826440181153E-1
180 180 -3.6959286508856266
180 181 8.286705661866918E-1
180 216 1.968478516220435E-1
180 217 9.883033279300182E-1
180 218 3.6030638206331206E-1
181 152 5.768318260742304E-1
181 154 7.942718368920612E-1
181 180 8.286705661866918E-1
181 181 -3.66301430264383
181 182 8.379225418418641E-1
181 218 6.253175316489831E-1
182 154 3.596952191879129E-1
182 155 5.169224066195102E-1
182 181 8.379225418418641E-1
182 182 -3.5603544857236042
182 183 7.409599189007156E-1
182 218 4.011559764484309E-1
182 219 7.036984227251707E-1
183 155 4.7987681999249754E-1
183 156 5.730349697292767E-1
183 182 7.409599189007156E-1
183 183 -3.4886924250187494
183 184 6.456313288905637E-1
183 219 4.709133858977758E-1
183 220 5.782760016079194E-1
184 156 3.6018249606420205E-1
184 183 6.456313288905637E-1
184 184 -3.5176977503222493
184 185 5.740691112430532E-1
184 189 8.05020832537874E-1
184 220 5.739671648183495E-1
184 221 5.588268167682064E-1
185 158 1.2329708211683532E-1
185 184 5.740691112430532E-1
185 185 -3.537210075503079
185 186 9.383159801808889E-1
185 189 6.226120705734236E-1
185 221 5.063766106246812E-1
185 222 4.546613580891976E-1
185 223 3.178778626749994E-1
186 158 5.7708018997496E-1
186 159 8.080471455230397E-1
186 185 9.383159801808889E-1
186 186 -3.7024281843128946
186 187 8.232491033528543E-1
186 223 5.557357652811519E-1
187 159 3.57466989906514E-1
187 160 5.969624199850811E-1
187 186 8.232491033528543E-1
187 187 -3.5421046930290117
187 188 7.099092178913566E-1
187 223 5.970217874489564E-1
187 224 4.5749517444424936E-1
188 160 -0
188 187 -0
188 188 -1
188 224 -0
188 225 -0
189 156 7.807678851959394E-1
189 157 6.092221774015611E-1
189 158 8.733188167297149E-1
189 184 8.05020832537874E-1
189 185 6.226120705734236E-1
189 189 -3.6909417824385127
190 161 8.839210158624624E-1
190 162 3.4782523408396976E-1
190 169 6.162336931431085E-1
190 190 -3.542062891726781
190 191 6.175391693302552E-1
190 198 4.7743339126747547E-1
190 199 5.9911038803951E-1
191 162 6.210701483198351E-1
191 163 5.203219229273273E-1
191 190 6.175391693302552E-1
191 191 -3.468739152192401
191 192 5.994640387227863E-1
191 199 5.401483701031247E-1
191 200 5.701955027890727E-1
192 163 4.71815947728625E-1
192 164 6.729243815370594E-1
192 165 6.065589957449116E-1
192 191 5.994640387227863E-1
192 192 -3.49152734832488
192 193 5.6330416375807E-1
192 200 5.774598208334278E-1
193 165 5.050434994109284E-1
193 192 5.6330416375807E-1
193 193 -3.482920074471339
193 194 6.578497168491841E-1
193 200 5.803471337480524E-1
193 201 5.29478048245523E-1
193 202 6.468975124595808E-1
194 165 4.184909129467823E-1
194 166 2.745803052428241E-1
194 193 6.578497168491841E-1
194 194 -3.5602536662440025
194 195 8.04024335905968E-1
194 202 3.545359153490584E-1
194 203 8.711692073500961E-1
194 204 1.7960327260008951E-1
195 166 7.064518846311888E-1
195 167 6.946374923155284E-1
195 194 8.04024335905968E-1
195 195 -3.6626585708318897
195 196 8.222146212030095E-1
195 204 6.353302367761948E-1
196 167 1.3351116955671072E-1
196 195 8.222146212030095E-1
196 196 -1.790878705249967
196 204 5.043574299268068E-1
196 205 3.307954845634401E-1
197 169 3.8428203233487035E-1
197 170 9.101644073098119E-1
197 197 -3.740334551657471
197 198 8.60205025487738E-1
197 207 7.416141903601579E-1
197 226 8.44068896164893E-1
198 169 5.560814835998316E-1
198 190 4.7743339126747547E-1
198 197 8.60205025487738E-1
198 198 -3.54159322969649
198 199 6.795467586959931E-1
198 226 3.561356942675636E-1
198 227 6.121908763778883E-1
199 190 5.9911038803951E-1
199 191 5.401483701031247E-1
199 198 6.795467586959931E-1
199 199 -3.4738732264078336
199 200 5.815133917048234E-1
199 227 5.055041563273587E-1
199 228 5.680501615370237E-1
200 191 5.701955027890727E-1
200 192 5.774598208334278E-1
200 193 5.803471337480524E-1
200 199 5.815133917048234E-1
200 200 -3.464371479837756
200 201 5.808469382918084E-1
200 228 5.740086924705712E-1
201 193 5.29478048245523E-1
201 200 5.808469382918084E-1
201 201 -3.470054956976723
201 202 6.648195043441913E-1
201 228 5.793312223515482E-1
201 229 5.460000066758627E-1
201 230 5.695792370677891E-1
202 193 6.468975124595808E-1
202 194 3.545359153490584E-1
202 201 6.648195043441913E-1
202 202 -3.5509658519526854
202 203 8.954558247534717E-1
202 230 4.8761407433943293E-1
202 231 5.016430207069503E-1
203 194 8.711692073500961E-1
203 202 8.954558247534717E-1
203 203 -3.8215831461939924
203 204 9.286762880169022E-1
203 231 2.1800559756252796E-1
203 232 9.082762285109944E-1
204 194 1.7960327260008951E-1
204 195 6.353302367761948E-1
204 196 5.043574299268068E-1
204 203 9.286762880169022E-1
204 204 -3.529519546616316
204 205 4.5214060367797737E-1
204 232 3.718407041947931E-1
204 233 4.575710114235524E-1
205 196 3.307954845634401E-1
205 204 4.5214060367797737E-1
205 205 -1.7516362601082551
205 233 7.099485084640758E-1
205 234 2.58751663402762E-1
206 170 3.311410127677903E-1
206 171 3.2699915901727516E-1
206 206 -1.8703504651313836
206 207 3.793481606581499E-1
206 235 5.427090299059951E-1
206 236 2.9015310278217316E-1
207 170 6.315757575263515E-1
207 197 7.416141903601579E-1
207 206 3.793481606581499E-1
207 207 -3.606239589551086
207 226 4.943673580944224E-1
207 235 8.807391241064797E-1
207 256 4.785949988055249E-1
216 179 3.609546915685971E-1
216 180 1.968478516220435E-1
216 216 -1.8930786902696004
216 217 5.514726302287305E-1
216 244 3.0211583718575813E-1
216 245 4.816876796644711E-1
217 180 9.883033279300182E-1
217 216 5.514726302287305E-1
217 217 -3.7163230225402155
217 218 5.392348016113638E-1
217 245 8.235500291230617E-1
217 246 8.137622336470411E-1
218 180 3.6030638206331206E-1
218 181 6.253175316489831E-1
218 182 4.011559764484309E-1
218 217 5.392348016113638E-1
218 218 -3.3988673851736055
218 219 4.840479126895037E-1
218 246 4.560546062819581E-1
218 247 5.32750174430054E-1
219 182 7.036984227251707E-1
219 183 4.709133858977758E-1
219 218 4.840479126895037E-1
219 219 -3.4875436622762144
219 220 6.001095529170728E-1
219 247 6.049470006330411E-1
219 248 6.238273874136498E-1
220 183 5.782760016079194E-1
220 184 5.739671648183495E-1
220 219 6.001095529170728E-1
220 220 -3.4661107605990162
220 221 6.0585863658112E-1
220 248 5.456299376659237E-1
220 249 5.622694670086309E-1
221 184 5.588268167682064E-1
221 185 5.063766106246812E-1
221 220 6.0585863658112E-1
221 221 -3.500200143251171
221 222 7.89495985969985E-1
221 249 5.935132214714307E-1
221 250 4.4612887183574734E-1
222 185 4.546613580891976E-1
222 221 7.89495985969985E-1
222 222 -3.610053998193063
222 223 8.773764858708868E-1
222 250 7.688733008791294E-1
222 251 5.016413472013106E-1
222 252 2.180055201825536E-1
223 185 3.178778626749994E-1
223 186 5.557357652811519E-1
223 187 5.970217874489564E-1
223 222 8.773764858708868E-1
223 223 -3.628159891648128
223 224 3.718793188562116E-1
223 252 9.082686715159218E-1
224 187 4.5749517444424936E-1
224 188 4.521801784785717E-1
224 223 3.718793188562116E-1
224 224 -3.529526053539344
224 225 5.043543328107416E-1
224 252 9.286794436731769E-1
224 253 1.796036500952941E-1
224 254 6.353339551810984E-1
225 188 -0
225 224 -0
225 225 -1
225 254 -0
225 255 -0
226 197 8.44068896164893E-1
226 198 3.561356942675636E-1
226 207 4.943673580944224E-1
226 226 -3.564323237056333
226 227 6.469982905397529E-1
226 256 5.361642403289175E-1
226 257 6.865887576607843E-1
227 198 6.121908763778883E-1
227 199 5.055041563273587E-1
227 226 6.469982905397529E-1
227 227 -3.4731899668927184
227 228 6.002039991482042E-1
227 257 5.217416617009547E-1
227 280 5.8655098279856E-1
228 199 5.680501615370237E-1
228 200 5.740086924705712E-1
228 201 5.793312223515482E-1
228 227 6.002039991482042E-1
228 228 -3.4646320546352642
228 229 5.825923337626158E-1
228 280 5.604456453653012E-1
229 201 5.460000066758627E-1
229 228 5.825923337626158E-1
229 229 -3.4665832113785395
229 230 6.308846235797335E-1
229 280 5.820201966198517E-1
229 281 5.690740233942755E-1
229 282 5.560120273462007E-1
230 201 5.695792370677891E-1
230 202 4.8761407433943293E-1
230 229 6.308846235797335E-1
230 230 -3.496698094875246
230 231 7.687760204043429E-1
230 282 5.937354600285708E-1
230 283 4.461086794553767E-1
231 202 5.016430207069503E-1
231 203 2.1800559756252796E-1
231 230 7.687760204043429E-1
231 231 -3.610044746753693
231 232 8.773739234262047E-1
231 283 7.895733706260146E-1
231 284 4.546728140276526E-1
232 203 9.082762285109944E-1
232 204 3.718407041947931E-1
232 231 8.773739234262047E-1
232 232 -3.628215016681973
232 233 5.968328252672884E-1
232 284 3.1769493645418456E-1
232 285 5.561963988285077E-1
233 204 4.575710114235524E-1
233 205 7.099485084640758E-1
233 232 5.968328252672884E-1
233 233 -3.542018244991781
233 234 5.966756937720988E-1
233 285 8.231258633428926E-1
233 286 3.578643427218731E-1
234 205 2.58751663402762E-1
234 233 5.966756937720988E-1
234 234 -1.7353210877924359
234 286 6.276216551568339E-1
234 287 2.5227207546074126E-1
235 206 5.427090299059951E-1
235 207 8.807391241064797E-1
235 235 -3.677944649042199
235 236 7.296027988820604E-1
235 256 4.1230837282232374E-1
235 260 9.784892922857016E-1
235 261 1.340960310396386E-1
236 206 2.9015310278217316E-1
236 235 7.296027988820604E-1
236 236 -1.9578109811997615
236 237 2.8867513459481436E-1
236 261 6.493799449407136E-1
237 236 2.8867513459481436E-1
237 237 -1.9615185128592798
237 261 5.661724836598134E-1
237 262 7.350816654335983E-1
237 263 3.7158922917105364E-1
244 216 3.0211583718575813E-1
244 244 -1.9659374636804496
244 245 5.538829407144834E-1
244 268 3.797565100630373E-1
244 269 7.301821757171707E-1
245 216 4.816876796644711E-1
245 217 8.235500291230617E-1
245 244 5.538829407144834E-1
245 245 -3.516752011425391
245 246 4.1133268794807626E-1
245 269 6.34665594318861E-1
245 270 6.116330796564378E-1
246 217 8.137622336470411E-1
246 218 4.560546062819581E-1
246 245 4.1133268794807626E-1
246 246 -3.5204967907204328
246 247 6.17022472768554E-1
246 270 6.165450315183463E-1
246 271 6.057797585564567E-1
247 218 5.32750174430054E-1
247 219 6.049470006330411E-1
247 246 6.17022472768554E-1
247 247 -3.4697473424972816
247 248 5.70877033792434E-1
247 271 5.593548620758323E-1
247 272 5.847957987973667E-1
248 219 6.238273874136498E-1
248 220 5.456299376659237E-1
248 247 5.70877033792434E-1
248 248 -3.465778359827243
248 249 5.764255489780028E-1
248 272 5.711083876961143E-1
248 273 5.77910064281118E-1
249 220 5.622694670086309E-1
249 221 5.935132214714307E-1
249 248 5.764255489780028E-1
249 249 -3.4651385701297706
249 250 5.935699856758523E-1
249 273 5.836736344764546E-1
249 274 5.556867125193995E-1
250 221 4.4612887183574734E-1
250 222 7.688733008791294E-1
250 249 5.935699856758523E-1
250 250 -3.4967207921051964
250 251 4.875691697802609E-1
250 274 6.310860191161431E-1
250 275 5.694934448180629E-1
251 222 5.016413472013106E-1
251 250 4.875691697802609E-1
251 251 -3.5509759239775183
251 252 8.954607459074977E-1
251 253 3.545351136679631E-1
251 275 6.648816919538582E-1
251 276 6.468878554666277E-1
252 222 2.180055201825536E-1
252 223 9.082686715159218E-1
252 224 9.286794436731769E-1
252 251 8.954607459074977E-1
252 252 -3.8215824750082352
252 253 8.711680937290851E-1
253 224 1.796036500952941E-1
253 251 3.545351136679631E-1
253 252 8.711680937290851E-1
253 253 -3.5602406730117035
253 254 8.040134723295829E-1
253 276 6.57807345687095E-1
253 277 4.185909185804919E-1
253 278 2.74522078922191E-1
254 224 6.353339551810984E-1
254 225 8.222229110915037E-1
254 253 8.040134723295829E-1
254 254 -3.662660737406842
254 255 6.946203911130787E-1
254 278 7.06470007691578E-1
255 225 -0
255 254 -0
255 255 -1
255 278 -0
255 279 -0
256 207 4.785949988055249E-1
256 226 5.361642403289175E-1
256 235 4.1230837282232374E-1
256 256 -3.3894663672184597
256 257 4.5826354219557486E-1
256 258 5.106280655047188E-1
256 259 4.222727123869041E-1
256 260 5.712344351744956E-1
257 226 6.865887576607843E-1
257 227 5.217416617009547E-1
257 256 4.5826354219557486E-1
257 257 -3.487598380525153
257 258 6.652850707298237E-1
257 280 5.792540441346268E-1
257 288 5.764653041033889E-1
258 256 5.106280655047188E-1
