%%MatrixMarket matrix coordinate real general
%
1236 1236 332
826 826 -1.5843323310465185
826 827 1.2055026549031506E-1
826 876 1.8332204948117503E-1
826 877 7.132593686928841E-1
826 878 5.672006473821444E-1
827 826 1.2055026549031506E-1
827 827 -1.6151967960184432
827 828 2.8867513459481403E-1
827 878 8.486472552229521E-1
827 879 3.573241407103619E-1
828 827 2.8867513459481403E-1
828 828 -1.5467358204082804
828 829 1.8913560240260724E-1
828 879 4.4563996635996983E-1
828 880 6.232851170508891E-1
829 828 1.8913560240260724E-1
829 829 -1.5581211924213734
829 880 6.981313580411034E-1
829 881 4.07536744069161E-1
829 882 2.6331748790850174E-1
876 826 1.8332204948117503E-1
876 876 -1.575373673006124
876 877 6.471577075430273E-1
876 921 3.916065809602147E-1
876 922 3.532873350217072E-1
877 826 7.132593686928841E-1
877 876 6.471577075430273E-1
877 877 -3.710576311631226
877 878 9.305813226823316E-1
877 922 8.501914673465834E-1
877 923 5.693864453663997E-1
878 826 5.672006473821444E-1
878 827 8.486472552229521E-1
878 877 9.305813226823316E-1
878 878 -3.765317878706745
878 879 9.871856283565363E-1
878 923 4.3170302506278124E-1
879 827 3.573241407103619E-1
879 828 4.4563996635996983E-1
879 878 9.871856283565363E-1
879 879 -3.6849273008535413
879 880 9.445343891326696E-1
879 923 5.07001735573169E-1
879 924 4.4324144072083477E-1
880 828 6.232851170508891E-1
880 829 6.981313580411034E-1
880 879 9.445343891326696E-1
880 880 -3.6994840315558934
880 881 9.093397312641702E-1
880 924 5.241934360670609E-1
881 829 4.07536744069161E-1
881 880 9.093397312641702E-1
881 881 -3.632981013699428
881 882 5.032985615875658E-1
881 924 6.025762920373594E-1
881 925 3.7758134287434214E-1
881 926 8.326483418668289E-1
882 829 2.6331748790850174E-1
882 881 5.032985615875658E-1
882 882 -1.573265925984934
882 926 7.065286954904606E-1
882 927 1.0012118099840583E-1
921 876 3.916065809602147E-1
921 921 -1.6422907371288868
921 922 2.697435483368122E-1
921 965 1.2956439071443354E-1
921 966 8.513762171174262E-1
922 876 3.532873350217072E-1
922 877 8.501914673465834E-1
922 921 2.697435483368122E-1
922 922 -3.579045854910227
922 923 3.6167825811813853E-1
922 966 6.827151703315483E-1
922 967 6.788132475133444E-1
922 968 3.82616828242093E-1
923 877 5.693864453663997E-1
923 878 4.3170302506278124E-1
923 879 5.07001735573169E-1
923 922 3.6167825811813853E-1
923 923 -3.420433987262906
923 924 4.854613397426073E-1
923 968 5.82989514718415E-1
923 969 4.8221366868139515E-1
924 879 4.4324144072083477E-1
924 880 5.241934360670609E-1
924 881 6.025762920373594E-1
924 923 4.854613397426073E-1
924 924 -3.431240072815947
924 925 3.2546940139927616E-1
924 969 4.5865820902967436E-1
924 970 5.916399538191339E-1
925 881 3.7758134287434214E-1
925 924 3.2546940139927616E-1
925 925 -3.5702477701916564
925 926 6.830118207466289E-1
925 970 8.536557088750817E-1
925 971 2.5780299073301305E-1
925 972 3.764121736775275E-1
925 990 6.963143318857872E-1
926 881 8.326483418668289E-1
926 882 7.065286954904606E-1
926 925 6.830118207466289E-1
926 926 -3.6740947173110357
926 927 7.381477095786719E-1
926 990 7.137581496284455E-1
927 882 1.0012118099840583E-1
927 926 7.381477095786719E-1
927 927 -1.6202643728321258
927 973 1.04582809527488E-1
927 990 6.774126727275598E-1
965 921 1.2956439071443354E-1
965 965 -1.5763359876566065
965 966 7.402205808062687E-1
965 1004 2.453805027995491E-1
965 1005 4.611705133363553E-1
966 921 8.513762171174262E-1
966 922 6.827151703315483E-1
966 965 7.402205808062687E-1
966 966 -3.709599679886858
966 967 7.973363826757207E-1
966 1005 6.37951328955894E-1
967 922 6.788132475133444E-1
967 966 7.973363826757207E-1
967 967 -3.675487709384635
967 968 7.757808163780335E-1
967 1005 7.074117251478246E-1
967 1006 7.161455376697116E-1
968 922 3.82616828242093E-1
968 923 5.82989514718415E-1
968 967 7.757808163780335E-1
968 968 -3.5662942961174373
968 969 7.144666063990123E-1
968 1006 6.017409039208828E-1
968 1007 5.086996264590009E-1
969 923 4.8221366868139515E-1
969 924 4.5865820902967436E-1
969 968 7.144666063990123E-1
969 969 -3.5484127678815054
969 970 8.260275936164845E-1
969 1007 6.454927334146349E-1
969 1008 4.215539567403042E-1
970 924 5.916399538191339E-1
970 925 8.536557088750817E-1
970 969 8.260275936164845E-1
970 970 -3.674378497276912
970 971 6.199823845401502E-1
970 1008 7.830728564260615E-1
971 925 2.5780299073301305E-1
971 970 6.199823845401502E-1
971 971 -3.4919351400130076
971 972 6.666258262183715E-1
971 1008 5.705219641306878E-1
971 1009 3.0236952443189713E-1
971 1010 5.375689574226583E-1
971 1011 5.370634925362294E-1
972 925 3.764121736775275E-1
972 971 6.666258262183715E-1
972 972 -3.646741173345686
972 973 4.538142783032124E-1
972 990 8.362996918249584E-1
972 1011 8.976132377713852E-1
972 1012 4.15975965550231E-1
973 927 1.04582809527488E-1
973 972 4.538142783032124E-1
973 973 -1.5816854873420234
973 990 7.519486952429466E-1
973 1012 2.7133970426837645E-1
990 925 6.963143318857872E-1
990 926 7.137581496284455E-1
990 927 6.774126727275598E-1
990 972 8.362996918249584E-1
990 973 7.519486952429466E-1
990 990 -3.6757335413096976
1004 965 2.453805027995491E-1
1004 1004 -1.538238021283918
1004 1005 5.977221149645197E-1
1004 1037 2.8608990586111327E-1
1004 1038 4.090454976587358E-1
1005 965 4.611705133363553E-1
1005 966 6.37951328955894E-1
1005 967 7.074117251478246E-1
1005 1004 5.977221149645197E-1
1005 1005 -3.5537239744332028
1005 1006 3.878619113366741E-1
1005 1038 7.616063806919353E-1
1006 967 7.161455376697116E-1
1006 968 6.017409039208828E-1
1006 1005 3.878619113366741E-1
1006 1006 -3.516283225859556
1006 1007 5.151205863697612E-1
1006 1038 6.102444325789914E-1
1006 1039 6.85169853983535E-1
1007 968 5.086996264590009E-1
1007 969 6.454927334146349E-1
1007 1006 5.151205863697612E-1
1007 1007 -3.5001640959027265
1007 1008 6.987642674738779E-1
1007 1039 6.049812679096902E-1
1007 1040 5.271056142757613E-1
1008 969 4.215539567403042E-1
1008 970 7.830728564260615E-1
1008 971 5.705219641306878E-1
1008 1007 6.987642674738779E-1
1008 1008 -3.552728975583657
1008 1009 7.070221906062705E-1
1008 1040 3.7179374020645556E-1
1009 971 3.0236952443189713E-1
1009 1008 7.070221906062705E-1
1009 1009 -3.4918268070074823
1009 1010 5.172279818715237E-1
1009 1040 4.749202936016389E-1
1009 1041 2.879427176075319E-1
1009 1042 6.357032720710165E-1
1009 1043 5.666408268176035E-1
1010 971 5.375689574226583E-1
1010 1009 5.172279818715237E-1
1010 1010 -3.640929906745516
1010 1011 9.115494385844927E-1
1010 1043 8.453778001450414E-1
1010 1044 3.9495341550273383E-1
1010 1045 4.342523132190662E-1
1011 971 5.370634925362294E-1
1011 972 8.976132377713852E-1
1011 1010 9.115494385844927E-1
1011 1011 -3.685854187686585
1011 1012 6.914219701477785E-1
1011 1045 6.482060486466987E-1
1012 972 4.15975965550231E-1
1012 973 2.7133970426837645E-1
1012 1011 6.914219701477785E-1
1012 1012 -1.55956567224719
1012 1045 1.8082803228080407E-1
1037 1004 2.8608990586111327E-1
1037 1037 -1.5632958538595119
1037 1038 5.228940610598082E-1
1037 1074 1.1581448368663166E-1
1037 1092 6.384974032519587E-1
1038 1004 4.090454976587358E-1
1038 1005 7.616063806919353E-1
1038 1006 6.102444325789914E-1
1038 1037 5.228940610598082E-1
1038 1038 -3.5644164202178126
1038 1039 3.9033258839807344E-1
1038 1092 8.702934598302683E-1
1039 1006 6.85169853983535E-1
1039 1007 6.049812679096902E-1
1039 1038 3.9033258839807344E-1
1039 1039 -3.5413324943191453
1039 1040 6.872357527489259E-1
1039 1075 7.912741030699657E-1
1039 1092 3.8233892820895504E-1
1040 1007 5.271056142757613E-1
1040 1008 3.7179374020645556E-1
1040 1009 4.749202936016389E-1
1040 1039 6.872357527489259E-1
1040 1040 -3.4710194611417764
1040 1041 6.906124790949324E-1
1040 1075 2.492356456368971E-1
1040 1076 4.7011593557716513E-1
1041 1009 2.879427176075319E-1
1041 1040 6.906124790949324E-1
1041 1041 -3.676724955685343
1041 1042 8.300348849615624E-1
1041 1076 9.945435441251802E-1
1041 1077 4.098899993937631E-1
1041 1078 4.637013305023731E-1
1042 1009 6.357032720710165E-1
1042 1041 8.300348849615624E-1
1042 1042 -3.6970131925420597
1042 1043 8.295470669365341E-1
1042 1078 6.720711439360577E-1
1042 1079 7.296568246368882E-1
1043 1009 5.666408268176035E-1
1043 1010 8.453778001450414E-1
1043 1042 8.295470669365341E-1
1043 1043 -3.6888425154779716
1043 1044 8.097840329152187E-1
1043 1079 6.374927886635745E-1
1044 1010 3.9495341550273383E-1
1044 1043 8.097840329152187E-1
1044 1044 -1.5996908637774836
1044 1045 2.8867513389357313E-1
1044 1079 1.0627828146595802E-1
1045 1010 4.342523132190662E-1
1045 1011 6.482060486466987E-1
1045 1012 1.8082803228080407E-1
1045 1044 2.8867513389357313E-1
1045 1045 -1.5519615280401422
1074 1037 1.1581448368663166E-1
1074 1074 -1.6446415563053365
1074 1075 3.2296170710281447E-1
1074 1092 9.171902320204106E-1
1074 1106 2.8867513349547946E-1
1075 1039 7.912741030699657E-1
1075 1040 2.492356456368971E-1
1075 1074 3.2296170710281447E-1
1075 1075 -3.7263994198590944
1075 1076 9.839023871854775E-1
1075 1092 9.416877826912919E-1
1075 1106 4.3733779417264756E-1
1076 1040 4.7011593557716513E-1
1076 1041 9.945435441251802E-1
1076 1075 9.839023871854775E-1
1076 1076 -3.740391634964289
1076 1077 6.642864682293799E-1
1076 1106 6.275432998470858E-1
1077 1041 4.098899993937631E-1
1077 1076 6.642864682293799E-1
1077 1077 -1.5573657306564654
1077 1078 2.886751330591308E-1
1077 1106 1.9451412997419176E-1
1078 1041 4.637013305023731E-1
1078 1042 6.720711439360577E-1
1078 1077 2.886751330591308E-1
1078 1078 -1.5577021146677366
1078 1079 1.3325450717017495E-1
1079 1042 7.296568246368882E-1
1079 1043 6.374927886635745E-1
1079 1044 1.0627828146595802E-1
1079 1078 1.3325450717017495E-1
1079 1079 -1.6066824019365957
1092 1037 6.384974032519587E-1
1092 1038 8.702934598302683E-1
1092 1039 3.8233892820895504E-1
1092 1074 9.171902320204106E-1
1092 1075 9.416877826912919E-1
1092 1092 -3.750007806002885
1106 1074 2.8867513349547946E-1
1106 1075 4.3733779417264756E-1
1106 1076 6.275432998470858E-1
1106 1077 1.9451412997419176E-1
1106 1106 -1.5480703574894046
