%%MatrixMarket matrix coordinate real general
%
1236 1236 318
452 452 -1.5577021143845418
452 453 2.886751309368239E-1
452 478 1.3325450844386844E-1
452 479 6.720711433478858E-1
452 480 4.637013316559638E-1
453 452 2.886751309368239E-1
453 453 -1.6298679499810689
453 480 7.287915203173385E-1
453 481 1.6685620962785713E-1
453 504 4.455450890990494E-1
477 477 -1.599690863514629
477 478 1.0627828117384502E-1
477 519 2.8867513336618766E-1
477 520 3.9495341606276246E-1
477 534 8.097840329118338E-1
478 452 1.3325450844386844E-1
478 477 1.0627828117384502E-1
478 478 -1.6066824016834045
478 479 7.296568243812892E-1
478 534 6.374927876844017E-1
479 452 6.720711433478858E-1
479 478 7.296568243812892E-1
479 479 -3.697013192915095
479 480 8.300348858848714E-1
479 521 6.357032710999351E-1
479 534 8.295470682011135E-1
480 452 4.637013316559638E-1
480 453 7.287915203173385E-1
480 479 8.300348858848714E-1
480 480 -3.591699774338175
480 481 7.12910961000409E-1
480 521 2.691738688604016E-1
480 522 5.870872066191909E-1
481 453 1.6685620962785713E-1
481 480 7.12910961000409E-1
481 481 -3.5849355645414325
481 482 1.6574361457327508E-1
481 504 7.99766429373731E-1
481 522 4.8864528147088954E-1
481 523 7.546517544485841E-1
481 524 4.963613140466868E-1
482 481 1.6574361457327508E-1
482 482 -1.6334397867935537
482 504 4.6639172131892737E-1
482 524 6.799331284842375E-1
482 525 3.2137132241711375E-1
504 453 4.455450890990494E-1
504 481 7.99766429373731E-1
504 482 4.6639172131892737E-1
504 504 -1.7117032397917078
519 477 2.8867513336618766E-1
519 519 -1.5519615281213028
519 520 4.342523128392992E-1
519 562 1.8082803247153817E-1
519 563 6.482060494442776E-1
520 477 3.9495341606276246E-1
520 519 4.342523128392992E-1
520 520 -3.6409299064683083
520 521 5.172279818162518E-1
520 534 8.45377799251761E-1
520 563 9.115494383682952E-1
520 564 5.375689581299392E-1
521 479 6.357032710999351E-1
521 480 2.691738688604016E-1
521 520 5.172279818162518E-1
521 521 -3.4836902233747433
521 522 6.020417826605434E-1
521 534 5.666408276472208E-1
521 564 3.0236952458033667E-1
521 565 5.905329667100538E-1
522 480 5.870872066191909E-1
522 481 4.8864528147088954E-1
522 521 6.020417826605434E-1
522 522 -3.5100911655134053
522 523 7.380711286590591E-1
522 565 5.780952522995993E-1
522 566 5.161505138041235E-1
523 481 7.546517544485841E-1
523 522 7.380711286590591E-1
523 523 -3.653879267443558
523 524 6.745325225594355E-1
523 566 6.889837141220848E-1
523 567 7.976401476543944E-1
524 481 4.963613140466868E-1
524 482 6.799331284842375E-1
524 523 6.745325225594355E-1
524 524 -3.6064902661338563
524 525 3.6718457876256005E-1
524 567 5.310333372126963E-1
524 592 8.574453850682401E-1
525 482 3.2137132241711375E-1
525 524 3.6718457876256005E-1
525 525 -1.5965812450328936
525 526 1.2984570000681084E-1
525 592 7.781796438464088E-1
526 525 1.2984570000681084E-1
526 526 -1.6240934809920216
526 568 2.9357952547135846E-1
526 569 3.482026916544618E-1
526 592 8.524655638593905E-1
534 477 8.097840329118338E-1
534 478 6.374927876844017E-1
534 479 8.295470682011135E-1
534 520 8.45377799251761E-1
534 521 5.666408276472208E-1
534 534 -3.688842515696331
562 519 1.8082803247153817E-1
562 562 -1.5595656723642732
562 563 6.91421968941101E-1
562 607 2.713397057521115E-1
562 608 4.159759651995224E-1
563 519 6.482060494442776E-1
563 520 9.115494383682952E-1
563 562 6.91421968941101E-1
563 563 -3.6858541879599924
563 564 5.370634919779326E-1
563 608 8.976132392283857E-1
564 520 5.375689581299392E-1
564 521 3.0236952458033667E-1
564 563 5.370634919779326E-1
564 564 -3.4915044525871615
564 565 5.704726310839674E-1
564 608 6.658990312884846E-1
564 609 2.585329488474707E-1
564 610 6.195978666790302E-1
565 521 5.905329667100538E-1
565 522 5.780952522995993E-1
565 564 5.704726310839674E-1
565 565 -3.515845588968763
565 566 5.730728509169729E-1
565 610 7.80788644749175E-1
565 611 4.228832432089948E-1
566 522 5.161505138041235E-1
566 523 6.889837141220848E-1
566 565 5.730728509169729E-1
566 566 -3.508134441605062
566 567 4.6141823806173726E-1
566 611 6.812033549661213E-1
566 612 5.873057697340225E-1
567 523 7.976401476543944E-1
567 524 5.310333372126963E-1
567 566 4.6141823806173726E-1
567 567 -3.5556461486438873
567 568 7.884128946955293E-1
567 592 4.5718007361103363E-1
567 612 5.199614574084968E-1
568 526 2.9357952547135846E-1
568 567 7.884128946955293E-1
568 568 -3.627594561091233
568 569 6.599049896184688E-1
568 592 7.499691374698338E-1
568 612 3.0026928721692975E-1
568 613 8.354587266191129E-1
569 526 3.482026916544618E-1
569 568 6.599049896184688E-1
569 569 -1.6070030983734314
569 613 1.8454843353180253E-1
569 614 4.1434698356869826E-1
592 524 8.574453850682401E-1
592 525 7.781796438464088E-1
592 526 8.524655638593905E-1
592 567 4.5718007361103363E-1
592 568 7.499691374698338E-1
592 592 -3.695239803854907
607 562 2.713397057521115E-1
607 607 -1.5840796218531956
607 608 4.504977839667552E-1
607 675 1.0286689300627222E-1
607 693 7.593752391280568E-1
608 562 4.159759651995224E-1
608 563 8.976132392283857E-1
608 564 6.658990312884846E-1
608 607 4.504977839667552E-1
608 608 -3.647983679234563
608 609 3.77659180330821E-1
608 693 8.403384792205939E-1
609 564 2.585329488474707E-1
609 608 3.77659180330821E-1
609 609 -3.56316539212657
609 610 8.388351890958345E-1
609 676 6.899897531619574E-1
609 677 3.674701259607944E-1
609 678 3.417182810831268E-1
609 693 6.889599136465652E-1
610 564 6.195978666790302E-1
610 565 7.80788644749175E-1
610 609 8.388351890958345E-1
610 610 -3.668790795908977
610 611 8.184249164700079E-1
610 678 6.11144178914929E-1
611 565 4.228832432089948E-1
611 566 6.812033549661213E-1
611 610 8.184249164700079E-1
611 611 -3.531796517789483
611 612 5.711005642028464E-1
611 678 4.029874103744728E-1
611 679 6.351970285670394E-1
612 566 5.873057697340225E-1
612 567 5.199614574084968E-1
612 568 3.0026928721692975E-1
612 611 5.711005642028464E-1
612 612 -3.6195198534293627
612 613 2.971988940992438E-1
612 679 2.626676970900524E-1
612 694 1.0810161836777712
613 568 8.354587266191129E-1
613 569 1.8454843353180253E-1
613 612 2.971988940992438E-1
613 613 -3.757886040171737
613 614 8.828911594934485E-1
613 680 3.9050314470329406E-1
613 681 1.7406774127297608E-1
613 694 9.932179404518593E-1
614 569 4.1434698356869826E-1
614 613 8.828911594934485E-1
614 614 -1.7089650361672406
614 681 4.1172689310509386E-1
675 607 1.0286689300627222E-1
675 675 -1.620431060003239
675 676 7.41327820821067E-1
675 693 6.744735016936243E-1
675 711 1.0176284448227552E-1
676 609 6.899897531619574E-1
676 675 7.41327820821067E-1
676 676 -3.673542754658601
676 677 8.287297267176363E-1
676 693 7.135456765657748E-1
676 711 6.999497773921654E-1
677 609 3.674701259607944E-1
677 676 8.287297267176363E-1
677 677 -3.6329742602892283
677 678 6.006489338687148E-1
677 711 5.06433118649769E-1
677 712 4.0666778643009815E-1
677 713 9.230245686622154E-1
678 609 3.417182810831268E-1
678 610 6.11144178914929E-1
678 611 4.029874103744728E-1
678 677 6.006489338687148E-1
678 678 -3.4270093853874823
678 679 5.446718216072622E-1
678 713 5.169583009552097E-1
678 714 4.088804585837672E-1
679 611 6.351970285670394E-1
679 612 2.626676970900524E-1
679 678 5.446718216072622E-1
679 679 -3.5319025228473304
679 680 2.7909458902454093E-1
679 694 8.959901950025095E-1
679 714 4.270497796267611E-1
679 715 4.872314119291652E-1
680 613 3.9050314470329406E-1
680 679 2.7909458902454093E-1
680 680 -3.7775871495121542
680 681 7.366144256489807E-1
680 694 1.045051376409401
680 715 9.514872107910137E-1
680 716 3.7483640293492343E-1
681 613 1.7406774127297608E-1
681 614 4.1172689310509386E-1
681 680 7.366144256489807E-1
681 681 -1.617393049139584
681 716 2.949839891125334E-1
693 607 7.593752391280568E-1
693 608 8.403384792205939E-1
693 609 6.889599136465652E-1
693 675 6.744735016936243E-1
693 676 7.135456765657748E-1
693 693 -3.676692810254615
694 612 1.0810161836777712
694 613 9.932179404518593E-1
694 679 8.959901950025095E-1
694 680 1.045051376409401
694 694 -4.015275695541541
711 675 1.0176284448227552E-1
711 676 6.999497773921654E-1
711 677 5.06433118649769E-1
711 711 -1.5714672444423494
711 712 2.6332150391813935E-1
712 677 4.0666778643009815E-1
712 711 2.6332150391813935E-1
712 712 -1.5577484355114688
712 713 6.959689922821213E-1
712 769 1.9179015288111007E-1
713 677 9.230245686622154E-1
713 678 5.169583009552097E-1
713 712 6.959689922821213E-1
713 713 -3.707624044308254
713 714 9.530468956668233E-1
713 769 6.186252867418842E-1
714 678 4.088804585837672E-1
714 679 4.270497796267611E-1
714 713 9.530468956668233E-1
714 714 -3.6692684356896184
714 715 9.854968451588346E-1
714 769 4.4647722720456945E-1
714 770 4.4831722944886265E-1
715 679 4.872314119291652E-1
715 680 9.514872107910137E-1
715 714 9.854968451588346E-1
715 715 -3.7266687760815556
715 716 6.931728358704052E-1
715 770 6.092804723321367E-1
716 680 3.7483640293492343E-1
716 681 2.949839891125334E-1
716 715 6.931728358704052E-1
716 716 -1.561781045722578
716 770 1.9878781780471616E-1
769 712 1.9179015288111007E-1
769 713 6.186252867418842E-1
769 714 4.4647722720456945E-1
769 769 -1.545427430030982
769 770 2.8853476320341825E-1
770 714 4.4831722944886265E-1
770 715 6.092804723321367E-1
770 716 1.9878781780471616E-1
770 769 2.8853476320341825E-1
770 770 -1.5449202827891337
