%%MatrixMarket matrix coordinate real general
%
1236 1236 325
109 109 -1.5444521338647454
109 111 2.005427131140795E-1
109 128 2.8853476780562354E-1
109 130 4.4904352402143294E-1
109 131 6.063311289236095E-1
111 109 2.005427131140795E-1
111 111 -1.5609767037315823
111 112 2.9498399210434884E-1
111 131 6.897697383785655E-1
111 132 3.756802601345884E-1
112 111 2.9498399210434884E-1
112 112 -1.618345168613824
112 113 4.121363540329092E-1
112 132 7.385114721581716E-1
112 133 1.7271335031839452E-1
113 112 4.121363540329092E-1
113 113 -1.7092207712920668
113 133 8.872830117671366E-1
113 134 4.098014054920209E-1
128 109 2.8853476780562354E-1
128 128 -1.5454274301167699
128 130 4.4647722885481655E-1
128 145 1.917901511557052E-1
128 146 6.186252823006246E-1
130 109 4.4904352402143294E-1
130 128 4.4647722885481655E-1
130 130 -3.6725604812361556
130 131 9.948021032390822E-1
130 146 9.530468986299443E-1
130 147 4.100898351082272E-1
130 148 4.1910089138265233E-1
131 109 6.063311289236095E-1
131 111 6.897697383785655E-1
131 130 9.948021032390822E-1
131 131 -3.7331782055335956
131 132 9.615985020002535E-1
131 148 4.806767329920846E-1
132 111 3.756802601345884E-1
132 112 7.385114721581716E-1
132 131 9.615985020002535E-1
132 132 -3.784487245517955
132 133 3.8261312388197016E-1
132 148 2.745196254990476E-1
132 168 1.0515642618439232
133 112 1.7271335031839452E-1
133 113 8.872830117671366E-1
133 132 3.8261312388197016E-1
133 133 -3.7357223818388143
133 134 1.9791893597208987E-1
133 149 3.7728512190220653E-1
133 150 7.387122134503816E-1
133 168 9.79196624546635E-1
134 113 4.098014054920209E-1
134 133 1.9791893597208987E-1
134 134 -1.6090979051607261
134 150 7.127024291018031E-1
134 151 2.8867513459481253E-1
145 128 1.917901511557052E-1
145 145 -1.5577484357562823
145 146 6.959689971855776E-1
145 171 2.6332150126196974E-1
145 172 4.0666778615302984E-1
146 128 6.186252823006246E-1
146 130 9.530468986299443E-1
146 145 6.959689971855776E-1
146 146 -3.7076240447635587
146 147 5.169583018826917E-1
146 172 9.230245647647206E-1
147 130 4.100898351082272E-1
147 146 5.169583018826917E-1
147 147 -3.4273571091097623
147 148 5.493180533342419E-1
147 172 6.006489381017243E-1
147 173 3.417182794560349E-1
147 174 6.111441770963537E-1
147 175 3.9747952413048887E-1
148 130 4.1910089138265233E-1
148 131 4.806767329920846E-1
148 132 2.745196254990476E-1
148 147 5.493180533342419E-1
148 148 -3.538952966745401
148 149 2.4894263591603705E-1
148 168 8.990550681405847E-1
148 175 6.67339959480753E-1
149 133 3.7728512190220653E-1
149 148 2.4894263591603705E-1
149 149 -3.7097600142041456
149 150 1.5704504344874032E-1
149 168 1.0856793081806173
149 175 5.316127850322689E-1
149 176 4.784799659605893E-1
149 177 8.307151537636854E-1
150 133 7.387122134503816E-1
150 134 7.127024291018031E-1
150 149 1.5704504344874032E-1
150 150 -3.6185673877666487
150 151 5.564222014049418E-1
150 177 6.782597369445859E-1
150 178 7.754257634161961E-1
151 134 2.8867513459481253E-1
151 150 5.564222014049418E-1
151 151 -1.537635098893416
151 178 3.958225998088535E-1
151 179 2.9671516308480816E-1
168 132 1.0515642618439232
168 133 9.79196624546635E-1
168 148 8.990550681405847E-1
168 149 1.0856793081806173
168 168 -4.01549526271176
171 145 2.6332150126196974E-1
171 171 -1.5714672439209516
171 172 5.064331194471161E-1
171 206 1.0176284736188168E-1
171 208 6.99949775849984E-1
172 145 4.0666778615302984E-1
172 146 9.230245647647206E-1
172 147 6.006489381017243E-1
172 171 5.064331194471161E-1
172 172 -3.632974260679313
172 173 3.6747012386332395E-1
172 208 8.287297283493985E-1
173 147 3.417182794560349E-1
173 172 3.6747012386332395E-1
173 173 -3.56316539218684
173 174 8.38835189918863E-1
173 208 6.899897535042925E-1
173 209 6.889599122353269E-1
173 210 3.7765918368422774E-1
173 211 2.58532949524771E-1
174 147 6.111441770963537E-1
174 173 8.38835189918863E-1
174 174 -3.668790796047661
174 175 8.184249166426014E-1
174 211 6.195978680515835E-1
174 212 7.807886443382595E-1
175 147 3.9747952413048887E-1
175 148 6.67339959480753E-1
175 149 5.316127850322689E-1
175 174 8.184249166426014E-1
175 175 -3.5354372512815555
175 176 6.962318547619033E-1
175 212 4.243482112335406E-1
176 149 4.784799659605893E-1
176 175 6.962318547619033E-1
176 176 -3.5199921447118085
176 177 6.173630261867757E-1
176 212 6.982445430606719E-1
176 213 5.257932590732335E-1
176 214 5.03879495668635E-1
177 149 8.307151537636854E-1
177 150 6.782597369445859E-1
177 176 6.173630261867757E-1
177 177 -3.7091032436373963
177 178 6.664940193482818E-1
177 214 9.162713073940675E-1
178 150 7.754257634161961E-1
178 151 3.958225998088535E-1
178 177 6.664940193482818E-1
178 178 -3.601816579539886
178 179 5.285175959596113E-1
178 214 3.173465809223853E-1
178 215 9.182100200845582E-1
179 151 2.9671516308480816E-1
179 178 5.285175959596113E-1
179 179 -1.5660725883134834
179 215 6.248357036535276E-1
179 216 1.1600412561553625E-1
206 171 1.0176284736188168E-1
206 206 -1.6204310604966188
206 208 7.413278209652401E-1
206 209 6.744735025719889E-1
206 236 1.0286688959750806E-1
208 171 6.99949775849984E-1
208 172 8.287297283493985E-1
208 173 6.899897535042925E-1
208 206 7.413278209652401E-1
208 208 -3.673542754649552
208 209 7.135456759806368E-1
209 173 6.889599122353269E-1
209 206 6.744735025719889E-1
209 208 7.135456759806368E-1
209 209 -3.6766928102280625
209 210 8.403384763335676E-1
209 236 7.593752431065424E-1
210 173 3.7765918368422774E-1
210 209 8.403384763335676E-1
210 210 -3.647983676478365
210 211 6.658990254781609E-1
210 236 4.504977843233515E-1
210 237 4.1597596806707454E-1
210 238 8.976132385919828E-1
211 173 2.58532949524771E-1
211 174 6.195978680515835E-1
211 210 6.658990254781609E-1
211 211 -3.4915044524369327
211 212 5.704726318183901E-1
211 238 5.370634942328458E-1
211 239 5.375689611705401E-1
211 240 3.023695221606407E-1
212 174 7.807886443382595E-1
212 175 4.243482112335406E-1
212 176 6.982445430606719E-1
212 211 5.704726318183901E-1
212 212 -3.552331066716838
212 213 3.7147849749370154E-1
212 240 7.069985387722744E-1
213 176 5.257932590732335E-1
213 212 3.7147849749370154E-1
213 213 -3.476556633220177
213 214 7.061727441315326E-1
213 240 4.7498716795978146E-1
213 241 6.906835129254938E-1
213 242 4.70121058583731E-1
213 243 2.3732039305270353E-1
214 176 5.03879495668635E-1
214 177 9.162713073940675E-1
214 178 3.173465809223853E-1
214 213 7.061727441315326E-1
214 214 -3.6184432875172745
214 215 3.605227085817395E-1
214 243 8.14250450818915E-1
215 178 9.182100200845582E-1
215 179 6.248357036535276E-1
215 214 3.605227085817395E-1
215 215 -3.765685947432443
215 216 9.21082799182924E-1
215 243 9.410347159296937E-1
216 179 1.1600412561553625E-1
216 215 9.21082799182924E-1
216 216 -1.646428121553755
216 243 3.206660654927892E-1
216 244 2.886751312625056E-1
236 206 1.0286688959750806E-1
236 209 7.593752431065424E-1
236 210 4.504977843233515E-1
236 236 -1.58407962344258
236 237 2.71339706415178E-1
237 210 4.1597596806707454E-1
237 236 2.71339706415178E-1
237 237 -1.559565672136896
237 238 6.914219668103525E-1
237 263 1.80828030844291E-1
238 210 8.976132385919828E-1
238 211 5.370634942328458E-1
238 237 6.914219668103525E-1
238 238 -3.6858541865813605
238 239 9.115494343123735E-1
238 263 6.48206052633806E-1
239 211 5.375689611705401E-1
239 238 9.115494343123735E-1
239 239 -3.6409299055889743
239 240 5.172279813166812E-1
239 263 4.3425231347102183E-1
239 264 3.949534166912627E-1
239 265 8.453777986270952E-1
240 211 3.023695221606407E-1
240 212 7.069985387722744E-1
240 213 4.7498716795978146E-1
240 239 5.172279813166812E-1
240 240 -3.4918228920742687
240 241 2.8789557750178096E-1
240 265 5.666408317927856E-1
240 266 6.357032725703244E-1
241 213 6.906835129254938E-1
241 240 2.8789557750178096E-1
241 241 -3.676734888443227
241 242 9.945417320345458E-1
241 266 8.300348870015958E-1
241 267 4.6370133434619965E-1
241 268 4.0987784463361154E-1
242 213 4.70121058583731E-1
242 241 9.945417320345458E-1
242 242 -3.7403946954729435
242 243 9.83892975521139E-1
242 244 6.275332320404561E-1
242 268 6.643056972930717E-1
243 213 2.3732039305270353E-1
243 214 8.14250450818915E-1
243 215 9.410347159296937E-1
243 216 3.206660654927892E-1
243 242 9.83892975521139E-1
243 243 -3.734512005385353
243 244 4.3734740457011234E-1
244 216 2.886751312625056E-1
244 242 6.275332320404561E-1
244 243 4.3734740457011234E-1
244 244 -1.5480678850757044
244 268 1.945121172026304E-1
263 237 1.80828030844291E-1
263 238 6.48206052633806E-1
263 239 4.3425231347102183E-1
263 263 -1.5519615282116255
263 264 2.8867513126250677E-1
264 239 3.949534166912627E-1
264 263 2.8867513126250677E-1
264 264 -1.599690862771622
264 265 8.097840317351623E-1
264 312 1.0627828308269027E-1
265 239 8.453777986270952E-1
265 240 5.666408317927856E-1
265 264 8.097840317351623E-1
265 265 -3.6888425140476926
265 266 8.295470649226837E-1
265 312 6.374927869699657E-1
266 240 6.357032725703244E-1
266 241 8.300348870015958E-1
266 265 8.295470649226837E-1
266 266 -3.697013194025704
266 267 6.72071141424753E-1
266 312 7.296568281063471E-1
267 241 4.6370133434619965E-1
267 266 6.72071141424753E-1
267 267 -1.5577021145916565
267 268 2.886751345948108E-1
267 312 1.332545042258933E-1
268 241 4.0987784463361154E-1
268 242 6.643056972930717E-1
268 244 1.945121172026304E-1
268 267 2.886751345948108E-1
268 268 -1.5573707937241246
312 264 1.0627828308269027E-1
312 265 6.374927869699657E-1
312 266 7.296568281063471E-1
312 267 1.332545042258933E-1
312 312 -1.6066824023848967
