%%MatrixMarket matrix coordinate real general
%
1236 1236 318
424 424 -1.599690863514597
424 425 2.886751333661864E-1
424 463 1.0627828117388416E-1
424 491 3.9495341606276924E-1
424 503 8.097840329117572E-1
425 424 2.886751333661864E-1
425 425 -1.5519615281212962
425 426 1.8082803247153428E-1
425 491 4.342523128393376E-1
425 492 6.482060494442381E-1
426 425 1.8082803247153428E-1
426 426 -1.5595656723642852
426 492 6.914219689411507E-1
426 493 4.159759651994854E-1
426 494 2.7133970575211486E-1
463 424 1.0627828117388416E-1
463 463 -1.606682401683384
463 464 1.3325450844388703E-1
463 503 6.374927876843544E-1
463 505 7.296568243812585E-1
464 463 1.3325450844388703E-1
464 464 -1.5577021143845347
464 505 6.720711433478623E-1
464 506 4.637013316559593E-1
464 507 2.8867513093682606E-1
491 424 3.9495341606276924E-1
491 425 4.342523128393376E-1
491 491 -3.640929906468304
491 492 9.115494383683126E-1
491 503 8.453777992517254E-1
491 535 5.17227981816281E-1
491 536 5.375689581298783E-1
492 425 6.482060494442381E-1
492 426 6.914219689411507E-1
492 491 9.115494383683126E-1
492 492 -3.685854187959999
492 493 8.976132392283689E-1
492 536 5.370634919779289E-1
493 426 4.159759651994854E-1
493 492 8.976132392283689E-1
493 493 -3.6479836792346414
493 494 4.504977839668051E-1
493 536 6.658990312886859E-1
493 537 3.776591803306426E-1
493 538 8.403384792206536E-1
494 426 2.7133970575211486E-1
494 493 4.504977839668051E-1
494 494 -1.5840796218531594
494 538 7.593752391279377E-1
494 539 1.0286689300630175E-1
503 424 8.097840329117572E-1
503 463 6.374927876843544E-1
503 491 8.453777992517254E-1
503 503 -3.6888425156963214
503 505 8.295470682012015E-1
503 535 5.66640827647283E-1
505 463 7.296568243812585E-1
505 464 6.720711433478623E-1
505 503 8.295470682012015E-1
505 505 -3.6970131929151298
505 506 8.300348858849265E-1
505 535 6.357032710998809E-1
506 464 4.637013316559593E-1
506 505 8.300348858849265E-1
506 506 -3.5916997743382124
506 507 7.287915203173949E-1
506 535 2.691738688603741E-1
506 548 7.129109610004725E-1
506 578 5.870872066190849E-1
507 464 2.8867513093682606E-1
507 506 7.287915203173949E-1
507 507 -1.6298679499811148
507 548 1.668562096277923E-1
507 549 4.4554508909910157E-1
535 491 5.17227981816281E-1
535 503 5.66640827647283E-1
535 505 6.357032710998809E-1
535 506 2.691738688603741E-1
535 535 -3.4836902233747664
535 536 3.0236952458032484E-1
535 578 6.020417826606541E-1
535 579 5.905329667099686E-1
536 491 5.375689581298783E-1
536 492 5.370634919779289E-1
536 493 6.658990312886859E-1
536 535 3.0236952458032484E-1
536 536 -3.4915044525872543
536 537 2.5853294884730443E-1
536 579 5.704726310840795E-1
536 580 6.195978666790527E-1
537 493 3.776591803306426E-1
537 536 2.5853294884730443E-1
537 537 -3.563165392126716
537 538 6.889599136467278E-1
537 580 8.388351890960377E-1
537 581 3.417182810831203E-1
537 582 3.674701259608776E-1
537 593 6.899897531620057E-1
538 493 8.403384792206536E-1
538 494 7.593752391279377E-1
538 537 6.889599136467278E-1
538 538 -3.676692810254645
538 539 6.744735016936387E-1
538 593 7.13545676565687E-1
539 494 1.0286689300630175E-1
539 538 6.744735016936387E-1
539 539 -1.6204310600032497
539 583 1.01762844482226E-1
539 593 7.413278208210832E-1
548 506 7.129109610004725E-1
548 507 1.668562096277923E-1
548 548 -3.584935564541398
548 549 7.997664293736741E-1
548 578 4.886452814708695E-1
548 594 1.6574361457334685E-1
548 624 4.9636131404676365E-1
548 625 7.546517544484785E-1
549 507 4.4554508909910157E-1
549 548 7.997664293736741E-1
549 549 -1.711703239791713
549 594 4.663917213189371E-1
578 506 5.870872066190849E-1
578 535 6.020417826606541E-1
578 548 4.886452814708695E-1
578 578 -3.51009116551343
578 579 5.780952522995741E-1
578 625 7.380711286592245E-1
578 626 5.161505138040234E-1
579 535 5.905329667099686E-1
579 536 5.704726310840795E-1
579 578 5.780952522995741E-1
579 579 -3.5158455889687517
579 580 7.807886447490906E-1
579 626 5.730728509170714E-1
579 627 4.2288324320896736E-1
580 536 6.195978666790527E-1
580 537 8.388351890960377E-1
580 579 7.807886447490906E-1
580 580 -3.6687907959090076
580 581 6.111441789147806E-1
580 627 8.184249164700463E-1
581 537 3.417182810831203E-1
581 580 6.111441789147806E-1
581 581 -3.4270093853874517
581 582 6.006489338687208E-1
581 627 4.0298741037461316E-1
581 628 5.446718216072239E-1
581 629 4.0888045858366684E-1
581 630 5.169583009553261E-1
582 537 3.674701259608776E-1
582 581 6.006489338687208E-1
582 582 -3.6329742602891395
582 583 5.064331186498225E-1
582 593 8.287297267175547E-1
582 630 9.230245686620355E-1
582 631 4.066677864301282E-1
583 539 1.01762844482226E-1
583 582 5.064331186498225E-1
583 583 -1.5714672444423767
583 593 6.999497773922421E-1
583 631 2.6332150391808634E-1
593 537 6.899897531620057E-1
593 538 7.13545676565687E-1
593 539 7.413278208210832E-1
593 582 8.287297267175547E-1
593 583 6.999497773922421E-1
593 593 -3.6735427546585724
594 548 1.6574361457334685E-1
594 549 4.663917213189371E-1
594 594 -1.6334397867935215
594 624 6.799331284840624E-1
594 643 3.2137132241717514E-1
624 548 4.9636131404676365E-1
624 594 6.799331284840624E-1
624 624 -3.6064902661338873
624 625 6.745325225594303E-1
624 643 3.671845787625408E-1
624 644 8.574453850684622E-1
624 645 5.310333372126281E-1
625 548 7.546517544484785E-1
625 578 7.380711286592245E-1
625 624 6.745325225594303E-1
625 625 -3.653879267443564
625 626 6.889837141219222E-1
625 645 7.976401476545086E-1
626 578 5.161505138040234E-1
626 579 5.730728509170714E-1
626 625 6.889837141219222E-1
626 626 -3.5081344416050424
626 627 6.812033549660804E-1
626 645 4.614182380618096E-1
626 646 5.873057697341348E-1
627 579 4.2288324320896736E-1
627 580 8.184249164700463E-1
627 581 4.0298741037461316E-1
627 626 6.812033549660804E-1
627 627 -3.53179651778945
627 628 6.351970285669162E-1
627 646 5.711005642028266E-1
628 581 5.446718216072239E-1
628 627 6.351970285669162E-1
628 628 -3.531902522846971
628 629 4.270497796270692E-1
628 646 2.6266769709026794E-1
628 647 8.959901950017128E-1
628 648 2.7909458902448914E-1
628 649 4.872314119292923E-1
629 581 4.0888045858366684E-1
629 628 4.270497796270692E-1
629 629 -3.6692684356894776
629 630 9.530468956667099E-1
629 649 9.854968451586108E-1
629 650 4.4831722944879765E-1
629 651 4.4647722720462374E-1
630 581 5.169583009553261E-1
630 582 9.230245686620355E-1
630 629 9.530468956667099E-1
630 630 -3.7076240443081705
630 631 6.959689922822011E-1
630 651 6.186252867418979E-1
631 582 4.066677864301282E-1
631 583 2.6332150391808634E-1
631 630 6.959689922822011E-1
631 631 -1.5577484355114821
631 651 1.917901528810665E-1
643 594 3.2137132241717514E-1
643 624 3.671845787625408E-1
643 643 -1.5965812450329002
643 644 7.781796438463662E-1
643 729 1.2984570000681805E-1
644 624 8.574453850684622E-1
644 643 7.781796438463662E-1
644 644 -3.6952398038549865
644 645 4.571800736108984E-1
644 729 8.524655638595255E-1
644 730 7.499691374697341E-1
645 624 5.310333372126281E-1
645 625 7.976401476545086E-1
645 626 4.614182380618096E-1
645 644 4.571800736108984E-1
645 645 -3.55564614864399
645 646 5.199614574083302E-1
645 730 7.884128946958149E-1
646 626 5.873057697341348E-1
646 627 5.711005642028266E-1
646 628 2.6266769709026794E-1
646 645 5.199614574083302E-1
646 646 -3.6195198534295168
646 647 1.0810161836780576
646 730 3.002692872167172E-1
646 731 2.9719889409918165E-1
647 628 8.959901950017128E-1
647 646 1.0810161836780576
647 647 -4.015275695541655
647 648 1.0450513764097928
647 731 9.932179404520913E-1
648 628 2.7909458902448914E-1
648 647 1.0450513764097928
648 648 -3.77758714951225
648 649 9.514872107908707E-1
648 731 3.9050314470306663E-1
648 732 7.366144256489646E-1
648 733 3.748364029350653E-1
649 628 4.872314119292923E-1
649 629 9.854968451586108E-1
649 648 9.514872107908707E-1
649 649 -3.7266687760814046
649 650 6.092804723322947E-1
649 733 6.931728358703358E-1
650 629 4.4831722944879765E-1
650 649 6.092804723322947E-1
650 650 -1.5449202827891564
650 651 2.8853476320339727E-1
650 733 1.9878781780466687E-1
651 629 4.4647722720462374E-1
651 630 6.186252867418979E-1
651 631 1.917901528810665E-1
651 650 2.8853476320339727E-1
651 651 -1.5454274300309854
729 643 1.2984570000681805E-1
729 644 8.524655638595255E-1
729 729 -1.624093480992081
729 730 2.9357952547123145E-1
729 784 3.4820269165450607E-1
730 644 7.499691374697341E-1
730 645 7.884128946958149E-1
730 646 3.002692872167172E-1
730 729 2.9357952547123145E-1
730 730 -3.627594561091395
730 731 8.354587266193765E-1
730 784 6.599049896185206E-1
731 646 2.9719889409918165E-1
731 647 9.932179404520913E-1
731 648 3.9050314470306663E-1
731 730 8.354587266193765E-1
731 731 -3.757886040171955
731 732 1.740677412730426E-1
731 784 1.8454843353172581E-1
731 785 8.82891159493471E-1
732 648 7.366144256489646E-1
732 731 1.740677412730426E-1
732 732 -1.6173930491395585
732 733 2.949839891124867E-1
732 785 4.1172689310506455E-1
733 648 3.748364029350653E-1
733 649 6.931728358703358E-1
733 650 1.9878781780466687E-1
733 732 2.949839891124867E-1
733 733 -1.5617810457225547
784 729 3.4820269165450607E-1
784 730 6.599049896185206E-1
784 731 1.8454843353172581E-1
784 784 -1.607003098373459
784 785 4.1434698356870636E-1
785 731 8.82891159493471E-1
785 732 4.1172689310506455E-1
785 784 4.1434698356870636E-1
785 785 -1.708965036167242
