%%MatrixMarket matrix coordinate real general
%
1236 1236 8414
1 1 2
1 2 0
1 3 0
1 4 0
2 1 0
2 2 2.0266684194037845E-4
2 3 6.300159293295679E-5
2 5 3.833182803723238E-5
2 6 6.506455416604561E-5
3 1 0
3 2 6.300159293295679E-5
3 3 3.008339882331088E-4
3 4 0
3 6 5.165992594967061E-5
3 7 5.114653437948795E-5
4 1 0
4 3 0
4 4 3
4 7 0
4 8 0
5 2 3.833182803723238E-5
5 5 2.3050292253920995E-4
5 6 7.492692018400333E-5
5 9 7.691963323237254E-5
5 13 4.032454108560156E-5
6 2 6.506455416604561E-5
6 3 5.165992594967061E-5
6 5 7.492692018400333E-5
6 6 3.939211688130387E-4
6 7 5.836234911072469E-5
6 9 7.353368112974899E-5
6 10 7.037373827284536E-5
7 3 5.114653437948795E-5
7 4 0
7 6 5.836234911072469E-5
7 7 4.2694497779866307E-4
7 8 0
7 10 7.794965030604131E-5
7 11 8.959406880823293E-5
8 4 0
8 7 0
8 8 3
8 11 0
8 12 0
9 5 7.691963323237254E-5
9 6 7.353368112974899E-5
9 9 4.732027486667066E-4
9 10 7.30293725387794E-5
9 13 8.46397294848254E-5
9 14 8.66523685622014E-5
9 15 7.842796371877896E-5
10 6 7.037373827284536E-5
10 7 7.794965030604131E-5
10 9 7.30293725387794E-5
10 10 4.385803259979694E-4
10 11 8.304138593891514E-5
10 15 6.587503878722433E-5
10 16 6.831114015416398E-5
11 7 8.959406880823293E-5
11 8 0
11 10 8.304138593891514E-5
11 11 6.212837455737192E-4
11 12 0
11 16 8.318518940661103E-5
11 17 9.229759499256932E-5
11 18 9.230478055031026E-5
12 8 0
12 11 0
12 12 3
12 18 0
12 19 0
13 5 4.032454108560156E-5
13 9 8.46397294848254E-5
13 13 2.63259210570444E-4
13 14 9.130506419962039E-5
13 20 4.698987580039653E-5
14 9 8.66523685622014E-5
14 13 9.130506419962039E-5
14 14 5.596369646904238E-4
14 15 8.341234781405327E-5
14 20 9.078253713581773E-5
14 21 7.136543622037818E-5
14 28 7.481080176223565E-5
14 30 6.130840899611695E-5
15 9 7.842796371877896E-5
15 10 6.587503878722433E-5
15 14 8.341234781405327E-5
15 15 4.357170802803402E-4
15 16 6.179959367716844E-5
15 21 7.763098274422267E-5
15 22 6.857115353889253E-5
16 10 6.831114015416398E-5
16 11 8.318518940661103E-5
16 15 6.179959367716844E-5
16 16 3.6044094603619086E-4
16 17 7.989399441818591E-5
16 22 6.725102838006156E-5
17 11 9.229759499256932E-5
17 16 7.989399441818591E-5
17 17 5.699818781885223E-4
17 18 7.913820641398001E-5
17 22 8.17586686274251E-5
17 23 9.26446986269548E-5
17 24 7.94357595689861E-5
17 25 6.481295554042107E-5
18 11 9.230478055031026E-5
18 12 0
18 17 7.913820641398001E-5
18 18 4.7870734138661547E-4
18 19 0
18 25 6.19119803075821E-5
18 26 7.26546545337141E-5
19 12 0
19 18 0
19 19 3
19 26 0
19 27 0
20 13 4.698987580039653E-5
20 14 9.078253713581773E-5
20 20 2.6168882960750454E-4
20 28 8.385453900335569E-5
20 29 4.0061877667934465E-5
21 14 7.136543622037818E-5
21 15 7.763098274422267E-5
21 21 4.3526925681006807E-4
21 22 7.687900042503427E-5
21 30 6.0466525065949934E-5
21 31 7.95371205948614E-5
21 38 6.939019175962151E-5
22 15 6.857115353889253E-5
22 16 6.725102838006156E-5
22 17 8.17586686274251E-5
22 21 7.687900042503427E-5
22 22 4.618612316257391E-4
22 23 8.680058700777363E-5
22 31 8.060079364655186E-5
23 17 9.26446986269548E-5
23 22 8.680058700777363E-5
23 23 5.027971687364138E-4
23 24 8.499575509894798E-5
23 31 8.03550059264436E-5
23 32 7.960224226148522E-5
23 33 7.839887981480839E-5
24 17 7.94357595689861E-5
24 23 8.499575509894798E-5
24 24 4.5885642211434115E-4
24 25 6.77925225302589E-5
24 33 7.795172027699943E-5
24 34 7.663993342796373E-5
24 35 7.204073121118498E-5
25 17 6.481295554042107E-5
25 18 6.19119803075821E-5
25 24 6.77925225302589E-5
25 25 3.251438992746826E-4
25 26 6.328051120180187E-5
25 35 6.73459296946188E-5
26 18 7.26546545337141E-5
26 19 0
26 25 6.328051120180187E-5
26 26 4.5517815776551705E-4
26 27 0
26 35 7.095133441943475E-5
26 36 8.029161472747401E-5
27 19 0
27 26 0
27 27 3
27 36 0
27 37 0
28 14 7.481080176223565E-5
28 20 8.385453900335569E-5
28 28 4.5928055182040714E-4
28 29 8.438980695507769E-5
28 30 6.378396816630037E-5
28 39 7.043966719289033E-5
28 40 8.200176874054758E-5
29 20 4.0061877667934465E-5
29 28 8.438980695507769E-5
29 29 2.5358423603633593E-4
29 40 8.673024035023345E-5
29 41 4.240231106309023E-5
30 14 6.130840899611695E-5
30 21 6.0466525065949934E-5
30 28 6.378396816630037E-5
30 30 3.180534509273733E-4
30 38 6.495248872808381E-5
30 39 6.754205997092232E-5
31 21 7.95371205948614E-5
31 22 8.060079364655186E-5
31 23 8.03550059264436E-5
31 31 4.7529808076137196E-4
31 32 7.976653524627232E-5
31 38 7.728171148786174E-5
31 42 7.775691385938089E-5
32 23 7.960224226148522E-5
32 31 7.976653524627232E-5
32 32 4.732029182411331E-4
32 33 7.837448110297828E-5
32 42 7.894103445734118E-5
32 43 7.846044277131587E-5
32 44 7.805818240174006E-5
33 23 7.839887981480839E-5
33 24 7.795172027699943E-5
33 32 7.837448110297828E-5
33 33 4.6705086852979647E-4
33 34 7.758586839220154E-5
33 44 7.754068605788839E-5
33 45 7.719923288492057E-5
34 24 7.663993342796373E-5
34 33 7.758586839220154E-5
34 34 4.7492193833096333E-4
34 35 8.066605205565543E-5
34 45 7.573082540759611E-5
34 46 7.920904871762465E-5
34 47 8.509021032992179E-5
35 24 7.204073121118498E-5
35 25 6.73459296946188E-5
35 26 7.095133441943475E-5
35 34 8.066605205565543E-5
35 35 4.6077186302355844E-4
35 36 8.237394976150502E-5
35 47 8.739386588115953E-5
36 26 8.029161472747401E-5
36 27 0
36 35 8.237394976150502E-5
36 36 5.140510792386783E-4
36 37 0
36 47 9.094218231106899E-5
36 48 8.966131065149796E-5
37 27 0
37 36 0
37 37 3
37 48 0
37 49 0
38 21 6.939019175962151E-5
38 30 6.495248872808381E-5
38 31 7.728171148786174E-5
38 38 4.4240228344107524E-4
38 39 7.458902206090253E-5
38 42 7.722192790001359E-5
38 50 7.896694150459208E-5
39 28 7.043966719289033E-5
39 30 6.754205997092232E-5
39 38 7.458902206090253E-5
39 39 4.4695452803386235E-4
39 40 7.594380489099492E-5
39 50 7.999139915501388E-5
39 51 7.844857476313824E-5
40 28 8.200176874054758E-5
40 29 8.673024035023345E-5
40 39 7.594380489099492E-5
40 40 5.260085698544522E-4
40 41 9.489640291689141E-5
40 51 8.610611326978712E-5
40 52 1.0033023968599776E-4
41 29 4.240231106309023E-5
41 40 9.489640291689141E-5
41 41 2.9083226790945583E-4
41 52 1.0301382289163761E-4
41 53 5.051973103783643E-5
42 31 7.775691385938089E-5
42 32 7.894103445734118E-5
42 38 7.722192790001359E-5
42 42 4.7018541143441716E-4
42 43 7.840447801777614E-5
42 50 7.893131384005149E-5
42 54 7.892974335985372E-5
43 32 7.846044277131587E-5
43 42 7.840447801777614E-5
43 43 4.690201575909583E-4
43 44 7.810795967955531E-5
43 54 7.809909433384581E-5
43 60 7.79505416903174E-5
43 61 7.799764109814762E-5
44 32 7.805818240174006E-5
44 33 7.754068605788839E-5
44 43 7.810795967955531E-5
44 44 4.663184137578556E-4
44 45 7.727777182926524E-5
44 60 7.782325264792244E-5
44 62 7.751056114148404E-5
45 33 7.719923288492057E-5
45 34 7.573082540759611E-5
45 44 7.727777182926524E-5
45 45 4.571433021049561E-4
45 46 7.39862866297307E-5
45 62 7.738613153782671E-5
45 63 7.556305381561662E-5
46 34 7.920904871762465E-5
46 45 7.39862866297307E-5
46 46 4.15572656418204E-4
46 47 7.266106930617365E-5
46 63 7.248672166635718E-5
46 64 6.113897227319758E-5
46 65 5.609055782512008E-5
47 34 8.509021032992179E-5
47 35 8.739386588115953E-5
47 36 9.094218231106899E-5
47 46 7.266106930617365E-5
47 47 5.640504164710922E-4
47 48 9.011850513958819E-5
47 65 6.252643062446534E-5
47 66 7.531815287871449E-5
48 36 8.966131065149796E-5
48 37 0
48 47 9.011850513958819E-5
48 48 5.17799230050095E-4
48 49 0
48 66 8.265836612503042E-5
48 67 8.230109560781914E-5
49 37 0
49 48 0
49 49 3
49 67 0
49 68 0
50 38 7.896694150459208E-5
50 39 7.999139915501388E-5
50 42 7.893131384005149E-5
50 50 4.7899028260963393E-4
50 51 8.087113478932336E-5
50 54 7.965706501090143E-5
50 55 8.057242830975152E-5
51 39 7.844857476313824E-5
51 40 8.610611326978712E-5
51 50 8.087113478932336E-5
51 51 5.046999640790371E-4
51 52 9.32719594877962E-5
51 55 8.062944778858405E-5
51 56 8.537273398040801E-5
52 40 1.0033023968599776E-4
52 41 1.0301382289163761E-4
52 51 9.32719594877962E-5
52 52 6.470882730027403E-4
52 53 1.0143072611268954E-4
52 56 8.35839783717268E-5
52 57 7.634735904708309E-5
52 58 8.911018740580902E-5
53 41 5.051973103783643E-5
53 52 1.0143072611268954E-4
53 53 2.885513783270893E-4
53 58 9.375595812570817E-5
53 59 4.2844963050855E-5
54 42 7.892974335985372E-5
54 43 7.809909433384581E-5
54 50 7.965706501090143E-5
54 54 4.72612423859835E-4
54 55 7.958068739444607E-5
54 61 7.779578117561762E-5
54 69 7.855005258517017E-5
55 50 8.057242830975152E-5
55 51 8.062944778858405E-5
55 54 7.958068739444607E-5
55 55 4.756692880409617E-4
55 56 7.809051101327795E-5
55 69 7.917170469745128E-5
55 80 7.762450883745064E-5
56 51 8.537273398040801E-5
56 52 8.35839783717268E-5
56 55 7.809051101327795E-5
56 56 4.58782637431668E-4
56 57 6.817239622513343E-5
56 80 7.584618851029257E-5
56 81 6.771682933082931E-5
57 52 7.634735904708309E-5
57 56 6.817239622513343E-5
57 57 3.2596104890166846E-4
57 58 6.610075340707949E-5
57 81 5.8731604327627664E-5
57 82 5.6608935894744946E-5
58 52 8.911018740580902E-5
58 53 9.375595812570817E-5
58 57 6.610075340707949E-5
58 58 4.6209961581244064E-4
58 59 8.070271698576591E-5
58 82 6.123690351464538E-5
58 83 7.119309637343269E-5
59 53 4.2844963050855E-5
59 58 8.070271698576591E-5
59 59 2.4147037682041954E-4
59 83 7.789022535935471E-5
59 84 4.003247142444379E-5
60 43 7.79505416903174E-5
60 44 7.782325264792244E-5
60 60 4.685907880304203E-4
60 61 7.859438033169978E-5
60 62 7.704822326646735E-5
60 71 7.929662905842529E-5
60 72 7.787776103558786E-5
61 43 7.799764109814762E-5
61 54 7.779578117561762E-5
61 60 7.859438033169978E-5
61 61 4.664464250701542E-4
61 69 7.730002178870464E-5
61 70 7.683305102775982E-5
61 71 7.792554964822499E-5
62 44 7.751056114148404E-5
62 45 7.738613153782671E-5
62 60 7.704822326646735E-5
62 62 4.6045991380155854E-4
62 63 7.711880150953213E-5
62 72 7.560059424976301E-5
62 73 7.579560209648508E-5
63 45 7.556305381561662E-5
63 46 7.248672166635718E-5
63 62 7.711880150953213E-5
63 63 4.620921093412543E-4
63 64 7.48337150009436E-5
63 73 8.064928585406686E-5
63 74 8.144053149473777E-5
64 46 6.113897227319758E-5
64 63 7.48337150009436E-5
64 64 3.968780855885174E-4
64 65 5.21008148461915E-5
64 74 7.901548985530526E-5
64 75 7.150451294712356E-5
64 76 5.828458066575578E-5
65 46 5.609055782512008E-5
65 47 6.252643062446534E-5
65 64 5.21008148461915E-5
65 65 2.836978078450412E-4
65 66 5.907342636048845E-5
65 76 5.390657818877596E-5
66 47 7.531815287871449E-5
66 48 8.265836612503042E-5
66 65 5.907342636048845E-5
66 66 4.221374164218043E-4
66 67 7.643358082146635E-5
66 76 5.931697451072132E-5
66 77 6.933691572538325E-5
67 48 8.230109560781914E-5
67 49 0
67 66 7.643358082146635E-5
67 67 4.832586336485068E-4
67 68 0
67 77 7.475154277531488E-5
67 78 7.919976034539085E-5
68 49 0
68 67 0
68 68 3
68 78 0
68 79 0
69 54 7.855005258517017E-5
69 55 7.917170469745128E-5
69 61 7.730002178870464E-5
69 69 4.6516962686310014E-4
69 70 7.619126004219156E-5
69 80 7.784350080418829E-5
69 85 7.611308694539409E-5
70 61 7.683305102775982E-5
70 69 7.619126004219156E-5
70 70 4.618548694020695E-4
70 71 7.667170037858268E-5
70 85 7.64966726250938E-5
70 86 7.806447428026048E-5
70 87 7.759771104818108E-5
71 60 7.929662905842529E-5
71 61 7.792554964822499E-5
71 70 7.667170037858268E-5
71 71 4.621933695306462E-4
71 72 7.841099549748333E-5
71 87 7.476013961961472E-5
71 88 7.512835532831507E-5
72 60 7.787776103558786E-5
72 62 7.560059424976301E-5
72 71 7.841099549748333E-5
72 72 4.617506270162197E-4
72 73 7.611043931281573E-5
72 88 7.688711315970617E-5
72 89 7.686372376086337E-5
73 62 7.579560209648508E-5
73 63 8.064928585406686E-5
73 72 7.611043931281573E-5
73 73 4.6879584222496207E-4
73 74 8.375935276866027E-5
73 89 7.484296624733574E-5
73 90 7.76381959455985E-5
74 63 8.144053149473777E-5
74 64 7.901548985530526E-5
74 73 8.375935276866027E-5
74 74 5.252003873581852E-4
74 75 7.655890586310048E-5
74 90 7.305168914772249E-5
74 91 6.317129721030646E-5
74 92 6.82031210183524E-5
75 64 7.150451294712356E-5
75 74 7.655890586310048E-5
75 75 4.1614295137330375E-4
75 76 6.420798329286883E-5
75 92 7.026478551713307E-5
75 93 6.730458653068255E-5
75 94 6.630217722239525E-5
76 64 5.828458066575578E-5
76 65 5.390657818877596E-5
76 66 5.931697451072132E-5
76 75 6.420798329286883E-5
76 76 3.617126848093959E-4
76 77 6.274178092305317E-5
76 94 6.32547872282209E-5
77 66 6.933691572538325E-5
77 67 7.475154277531488E-5
77 76 6.274178092305317E-5
77 77 4.10862426479198E-4
77 78 7.3060991148553E-5
77 94 6.303330636566272E-5
77 95 6.793788954123089E-5
78 67 7.919976034539085E-5
78 68 0
78 77 7.3060991148553E-5
78 78 4.636177459795688E-4
78 79 0
78 95 7.026441261108778E-5
78 96 7.515653447831745E-5
79 68 0
79 78 0
79 79 3
79 96 0
79 97 0
80 55 7.762450883745064E-5
80 56 7.584618851029257E-5
80 69 7.784350080418829E-5
80 80 4.562648339915461E-4
80 81 7.337108679007704E-5
80 85 7.713682136824531E-5
80 98 7.444272768129211E-5
81 56 6.771682933082931E-5
81 57 5.8731604327627664E-5
81 80 7.337108679007704E-5
81 81 4.3109276539010616E-4
81 82 6.906191944518865E-5
81 98 7.876763391903504E-5
81 99 8.344369157734832E-5
82 57 5.6608935894744946E-5
82 58 6.123690351464538E-5
82 81 6.906191944518865E-5
82 82 3.7913326139284956E-4
82 83 6.003077077886698E-5
82 99 7.292692402281285E-5
82 100 5.926780773659074E-5
83 58 7.119309637343269E-5
83 59 7.789022535935471E-5
83 82 6.003077077886698E-5
83 83 4.1008907530373074E-4
83 84 7.727151539014321E-5
83 100 5.657992588828939E-5
83 101 6.712354151364362E-5
84 59 4.003247142444379E-5
84 83 7.727151539014321E-5
84 84 2.3674365016421615E-4
84 101 7.833935365766424E-5
84 102 4.1100309691964784E-5
85 69 7.611308694539409E-5
85 70 7.64966726250938E-5
85 80 7.713682136824531E-5
85 85 4.6501629928456014E-4
85 86 7.951992446247217E-5
85 98 7.687513823441373E-5
85 103 7.887465564894086E-5
86 70 7.806447428026048E-5
86 85 7.951992446247217E-5
86 86 4.976080580794381E-4
86 87 8.588732809677776E-5
86 103 7.846796142714735E-5
86 109 9.227159333231134E-5
86 110 8.339677648046926E-5
87 70 7.759771104818108E-5
87 71 7.476013961961472E-5
87 86 8.588732809677776E-5
87 87 4.6286584257876904E-4
87 88 6.991664410824051E-5
87 109 8.391856613296289E-5
87 111 7.078545357299204E-5
88 71 7.512835532831507E-5
88 72 7.688711315970617E-5
88 87 6.991664410824051E-5
88 88 4.309450032164585E-4
88 89 7.273685489192002E-5
88 111 6.760729138799402E-5
88 112 6.866874434028247E-5
89 72 7.686372376086337E-5
89 73 7.484296624733574E-5
89 88 7.273685489192002E-5
89 89 4.606369039282917E-4
89 90 8.119338573377003E-5
89 112 7.226134246951236E-5
89 113 8.273863082489004E-5
90 73 7.76381959455985E-5
90 74 7.305168914772249E-5
90 89 8.119338573377003E-5
90 90 4.3662279039231205E-4
90 91 5.733340635738972E-5
90 113 8.333979289316787E-5
90 114 6.406632031466355E-5
91 74 6.317129721030646E-5
91 90 5.733340635738972E-5
91 91 2.783884905610809E-4
91 92 5.719105137962147E-5
91 114 5.038096386414446E-5
91 115 5.0311771749618936E-5
92 74 6.82031210183524E-5
92 75 7.026478551713307E-5
92 91 5.719105137962147E-5
92 92 3.8444777446536944E-4
92 93 6.627268821643055E-5
92 115 5.774807799790167E-5
92 116 6.476805033593013E-5
93 75 6.730458653068255E-5
93 92 6.627268821643055E-5
93 93 4.0051836325470365E-4
93 94 6.628912643527862E-5
93 116 6.645922264812571E-5
93 117 6.769736697564257E-5
93 118 6.649537244854346E-5
94 75 6.630217722239525E-5
94 76 6.32547872282209E-5
94 77 6.303330636566272E-5
94 93 6.628912643527862E-5
94 94 3.8672711809583363E-4
94 95 6.381964538441736E-5
94 118 6.402807545985892E-5
95 77 6.793788954123089E-5
95 78 7.026441261108778E-5
95 94 6.381964538441736E-5
95 95 3.761104723405829E-4
95 96 6.241629037673182E-5
95 118 5.770105625232872E-5
95 119 5.397117817478625E-5
96 78 7.515653447831745E-5
96 79 0
96 95 6.241629037673182E-5
96 96 4.4273567380378467E-4
96 97 0
96 119 5.984580390788048E-5
96 120 7.658315410434666E-5
97 79 0
97 96 0
97 97 3
97 120 0
97 121 0
98 80 7.444272768129211E-5
98 81 7.876763391903504E-5
98 85 7.687513823441373E-5
98 98 4.770908501515386E-4
98 99 8.777708285082877E-5
98 103 7.632561454364834E-5
98 104 8.290265292232044E-5
99 81 8.344369157734832E-5
99 82 7.292692402281285E-5
99 98 8.777708285082877E-5
99 99 5.493823717760981E-4
99 100 7.149556978784072E-5
99 104 7.958457695364475E-5
99 105 7.506398862281227E-5
99 106 7.909053796081031E-5
100 82 5.926780773659074E-5
100 83 5.657992588828939E-5
100 99 7.149556978784072E-5
100 100 3.23505778021548E-4
100 101 6.356189088258817E-5
100 106 7.260058372623909E-5
101 83 6.712354151364362E-5
101 84 7.833935365766424E-5
101 100 6.356189088258817E-5
101 101 4.5151533916341067E-4
101 102 8.05597412231302E-5
101 106 7.807438684493153E-5
101 107 8.385642504145297E-5
102 84 4.1100309691964784E-5
102 101 8.05597412231302E-5
102 102 2.4508229550282125E-4
102 107 8.14408380594458E-5
102 108 4.198140652828035E-5
103 85 7.887465564894086E-5
103 86 7.846796142714735E-5
103 98 7.632561454364834E-5
103 103 4.64382936778472E-4
103 104 7.678622161498767E-5
103 110 7.65305911253075E-5
103 122 7.73978924184403E-5
104 98 8.290265292232044E-5
104 99 7.958457695364475E-5
104 103 7.678622161498767E-5
104 104 4.6935301330357254E-4
104 105 7.119078178704634E-5
104 122 8.058307194241953E-5
104 123 7.830570808315388E-5
105 99 7.506398862281227E-5
105 104 7.119078178704634E-5
105 105 3.5745859543856044E-4
105 106 7.42583951297915E-5
105 123 6.95742615358917E-5
105 124 6.737116836301872E-5
106 99 7.909053796081031E-5
106 100 7.260058372623909E-5
106 101 7.807438684493153E-5
106 105 7.42583951297915E-5
106 106 5.598058851782703E-4
106 107 9.007412541289515E-5
106 124 7.706088588078566E-5
106 125 8.864697022281691E-5
107 101 8.385642504145297E-5
107 102 8.14408380594458E-5
107 106 9.007412541289515E-5
107 107 5.24809992341446E-4
107 108 8.763711162040831E-5
107 125 9.091145950886179E-5
107 126 9.089003269838216E-5
108 102 4.198140652828035E-5
108 107 8.763711162040831E-5
108 108 2.629726228120024E-4
108 126 8.950490487772081E-5
108 127 4.384919978559283E-5
109 86 9.227159333231134E-5
109 87 8.391856613296289E-5
109 109 5.195969651999319E-4
109 110 8.32735126258477E-5
109 111 6.746196684513019E-5
109 128 7.289367137835423E-5
109 130 6.24839829775638E-5
109 131 5.7293671907761615E-5
110 86 8.339677648046926E-5
110 103 7.65305911253075E-5
110 109 8.32735126258477E-5
110 110 4.576150237494481E-4
110 122 7.42397095321804E-5
110 128 7.117102586207436E-5
110 129 6.900340812356882E-5
111 87 7.078545357299204E-5
111 88 6.760729138799402E-5
111 109 6.746196684513019E-5
111 111 3.9451778915379346E-4
111 112 6.981599175430973E-5
111 131 5.6657449249594905E-5
111 132 6.21896363437724E-5
112 88 6.866874434028247E-5
112 89 7.226134246951236E-5
112 111 6.981599175430973E-5
112 112 4.429143412946621E-4
112 113 7.677550784395617E-5
112 132 7.60129184630923E-5
112 133 7.937983642350884E-5
113 89 8.273863082489004E-5
113 90 8.333979289316787E-5
113 112 7.677550784395617E-5
113 113 4.6817875967427664E-4
113 114 7.334086474211593E-5
113 133 7.800988427013225E-5
113 134 7.39740791000142E-5
114 90 6.406632031466355E-5
114 91 5.038096386414446E-5
114 113 7.334086474211593E-5
114 114 3.9305358411023287E-4
114 115 5.989719257943207E-5
114 134 7.256327916102075E-5
114 135 7.280496344885598E-5
115 91 5.0311771749618936E-5
115 92 5.774807799790167E-5
115 114 5.989719257943207E-5
115 115 3.402061599683446E-4
115 116 5.707142550178094E-5
115 135 6.27198827327724E-5
115 136 5.2457809406838546E-5
116 92 6.476805033593013E-5
116 93 6.645922264812571E-5
116 115 5.707142550178094E-5
116 116 3.8074714773929515E-4
116 117 7.235025282565849E-5
116 136 5.325527070805888E-5
116 137 6.684292571974086E-5
117 93 6.769736697564257E-5
117 116 7.235025282565849E-5
117 117 4.5955382213290166E-4
117 118 7.432145298310523E-5
117 137 7.851624781244514E-5
117 138 8.310520525768707E-5
117 139 8.356329627836305E-5
118 93 6.649537244854346E-5
118 94 6.402807545985892E-5
118 95 5.770105625232872E-5
118 117 7.432145298310523E-5
118 118 3.89560499919001E-4
118 119 5.643072151653638E-5
118 139 7.058382125862835E-5
119 95 5.397117817478625E-5
119 96 5.984580390788048E-5
119 118 5.643072151653638E-5
119 119 3.031318754738135E-4
119 120 6.743229041496245E-5
119 139 6.545188145964798E-5
120 96 7.658315410434666E-5
120 97 0
120 119 6.743229041496245E-5
120 120 5.519892107301613E-4
120 121 0
120 139 7.184860879625375E-5
120 140 6.943674357422802E-5
120 141 7.990526629393441E-5
121 97 0
121 120 0
121 121 3
121 141 0
121 142 0
122 103 7.73978924184403E-5
122 104 8.058307194241953E-5
122 110 7.42397095321804E-5
122 122 4.6701270658107896E-4
122 123 8.57501618331457E-5
122 129 7.035829903895342E-5
122 143 7.868357181593948E-5
123 104 7.830570808315388E-5
123 105 6.95742615358917E-5
123 122 8.57501618331457E-5
123 123 5.189017370819304E-4
123 124 7.399676344817901E-5
123 143 7.605832251354528E-5
123 161 6.340980252619105E-5
123 162 7.180671714182357E-5
124 105 6.737116836301872E-5
124 106 7.706088588078566E-5
124 123 7.399676344817901E-5
124 124 4.4970211885820205E-4
124 125 8.075862303628435E-5
124 162 7.67212680297979E-5
124 163 7.379341010013628E-5
125 106 8.864697022281691E-5
125 107 9.091145950886179E-5
125 124 8.075862303628435E-5
125 125 4.7790228932974613E-4
125 126 8.29579572170118E-5
125 163 6.734621722504432E-5
125 164 6.728106211972688E-5
126 107 9.089003269838216E-5
126 108 8.950490487772081E-5
126 125 8.29579572170118E-5
126 126 6.103541523346741E-4
126 127 9.167739433058226E-5
126 164 7.645888135937302E-5
126 165 8.488601952761485E-5
126 166 9.397896232398893E-5
127 108 4.384919978559283E-5
127 126 9.167739433058226E-5
127 127 2.6169584382287236E-4
127 166 8.69987221258433E-5
127 167 3.917052758085382E-5
128 109 7.289367137835423E-5
128 110 7.117102586207436E-5
128 128 3.972418097710002E-4
128 129 6.842129780369249E-5
128 130 6.30044470076864E-5
128 145 6.44454320157392E-5
128 146 5.730593570345325E-5
129 110 6.900340812356882E-5
129 122 7.035829903895342E-5
129 128 6.842129780369249E-5
129 129 4.323530633274688E-4
129 143 7.530471719027087E-5
129 144 7.73969348210884E-5
129 145 7.186840634989465E-5
130 109 6.24839829775638E-5
130 128 6.30044470076864E-5
130 130 3.8682137755394777E-4
130 131 5.711165734013427E-5
130 146 5.816164892897829E-5
130 147 7.329458442915315E-5
130 148 7.276505687043173E-5
131 109 5.7293671907761615E-5
131 111 5.6657449249594905E-5
131 130 5.711165734013427E-5
131 131 2.83129435823024E-4
131 132 5.433063970778631E-5
131 148 5.773601761774699E-5
132 111 6.21896363437724E-5
132 112 7.60129184630923E-5
132 131 5.433063970778631E-5
132 132 3.434186826989248E-4
132 133 6.083693037867042E-5
132 148 4.86827746270195E-5
132 168 4.136578317858376E-5
133 112 7.937983642350884E-5
133 113 7.800988427013225E-5
133 132 6.083693037867042E-5
133 133 4.890662108851538E-4
133 134 8.084425894105493E-5
133 149 6.383039020466612E-5
133 150 8.458853661183396E-5
133 168 4.157637405528747E-5
134 113 7.39740791000142E-5
134 114 7.256327916102075E-5
134 133 8.084425894105493E-5
134 134 4.4872201568781387E-4
134 135 7.32091117600114E-5
134 150 7.717781698388119E-5
134 151 7.095346974183111E-5
135 114 7.280496344885598E-5
135 115 6.27198827327724E-5
135 134 7.32091117600114E-5
135 135 4.6396114930150696E-4
135 136 5.0611905346824006E-5
135 151 7.637373893426429E-5
135 152 7.293215250801533E-5
135 153 5.530939457076347E-5
136 115 5.2457809406838546E-5
136 116 5.325527070805888E-5
136 135 5.0611905346824006E-5
136 136 2.54797827862449E-4
136 137 5.18216768744317E-5
136 153 4.665116552629598E-5
137 116 6.684292571974086E-5
137 117 7.851624781244514E-5
137 136 5.18216768744317E-5
137 137 4.744433867010622E-4
137 138 8.257921614409394E-5
137 153 5.150946585127936E-5
137 154 6.426781361035453E-5
137 155 7.890604068871651E-5
138 117 8.310520525768707E-5
138 137 8.257921614409394E-5
138 138 4.747547274791036E-4
138 139 8.424950687822513E-5
138 155 7.755187884725264E-5
138 156 7.054864071723266E-5
138 157 7.672027963461201E-5
139 117 8.356329627836305E-5
139 118 7.058382125862835E-5
139 119 6.545188145964798E-5
139 120 7.184860879625375E-5
139 138 8.424950687822513E-5
139 139 5.232285689928749E-4
139 140 7.149154404709397E-5
139 157 7.603991027466249E-5
140 120 6.943674357422802E-5
140 139 7.149154404709397E-5
140 140 3.54150054937594E-4
140 141 6.935246416154539E-5
140 157 7.116336682348785E-5
140 158 7.270593633123892E-5
141 120 7.990526629393441E-5
141 121 0
141 140 6.935246416154539E-5
141 141 4.759727568422193E-4
141 142 0
141 158 7.740182653551474E-5
141 159 8.124467942905654E-5
142 121 0
142 141 0
142 142 3
142 159 0
142 160 0
143 122 7.868357181593948E-5
143 123 7.605832251354528E-5
143 129 7.530471719027087E-5
143 143 4.4719806339492353E-4
143 144 7.750589968181788E-5
143 161 6.740956019970442E-5
143 169 7.223599199364568E-5
144 129 7.73969348210884E-5
144 143 7.750589968181788E-5
144 144 4.326038555882345E-4
144 145 7.121425106213712E-5
144 169 7.276374989448808E-5
144 170 6.758177705016224E-5
144 171 6.614124307854075E-5
145 128 6.44454320157392E-5
145 129 7.186840634989465E-5
145 144 7.121425106213712E-5
145 145 3.908347710252322E-4
145 146 5.568071274132947E-5
145 171 6.78682664213919E-5
145 172 5.975770243473972E-5
146 128 5.730593570345325E-5
146 130 5.816164892897829E-5
146 145 5.568071274132947E-5
146 146 2.840062334100007E-4
146 147 5.86306888893782E-5
146 172 5.422724714686163E-5
147 130 7.329458442915315E-5
147 146 5.86306888893782E-5
147 147 5.122053373602709E-4
147 148 8.438610052206149E-5
147 172 6.805829171007621E-5
147 173 7.802932569553824E-5
147 174 7.318834259331214E-5
147 175 7.661800352075131E-5
148 130 7.276505687043173E-5
148 131 5.773601761774699E-5
148 132 4.86827746270195E-5
148 147 8.438610052206149E-5
148 148 4.4465650933453904E-4
148 149 5.9318973222224425E-5
148 168 4.249317382138055E-5
148 175 7.927441265367443E-5
149 133 6.383039020466612E-5
149 148 5.9318973222224425E-5
149 149 4.414376254660046E-4
149 150 7.637508663385909E-5
149 168 4.27037646980843E-5
149 175 7.185766793996572E-5
149 176 6.392699869497838E-5
149 177 6.342474407222649E-5
150 133 8.458853661183396E-5
150 134 7.717781698388119E-5
150 149 7.637508663385909E-5
150 150 4.2438872822135837E-4
150 151 6.764863637660963E-5
150 177 5.9957191122235546E-5
150 178 5.864146049293887E-5
151 134 7.095346974183111E-5
151 135 7.637373893426429E-5
151 150 6.764863637660963E-5
151 151 4.384768796934517E-4
151 152 8.071183508717356E-5
151 178 6.757313501772107E-5
151 179 7.521606453585183E-5
152 135 7.293215250801533E-5
152 151 8.071183508717356E-5
152 152 4.831599182190594E-4
152 153 5.925002000767663E-5
152 154 5.8278743174028705E-5
152 179 7.786554219566663E-5
152 180 7.039941392751817E-5
152 181 6.372221131898022E-5
153 135 5.530939457076347E-5
153 136 4.665116552629598E-5
153 137 5.150946585127936E-5
153 152 5.925002000767663E-5
153 153 2.677578270178206E-4
153 154 5.5037781061805106E-5
154 137 6.426781361035453E-5
154 152 5.8278743174028705E-5
154 153 5.5037781061805106E-5
154 154 3.740043839740026E-4
154 155 7.199520590209146E-5
154 181 5.9969205023104804E-5
154 182 6.445563520261813E-5
155 137 7.890604068871651E-5
155 138 7.755187884725264E-5
155 154 7.199520590209146E-5
155 155 4.36520308613813E-4
155 156 6.915248586609609E-5
155 182 7.020162775209381E-5
155 183 6.871306955756232E-5
156 138 7.054864071723266E-5
156 155 6.915248586609609E-5
156 156 3.952777175371383E-4
156 157 6.430029294362669E-5
156 183 6.993595286436036E-5
156 184 6.418607995884629E-5
156 189 5.7154265186976086E-5
157 138 7.672027963461201E-5
157 139 7.603991027466249E-5
157 140 7.116336682348785E-5
157 156 6.430029294362669E-5
157 157 4.1913714289852866E-4
157 158 6.922836823097518E-5
157 189 6.168492499116446E-5
158 140 7.270593633123892E-5
158 141 7.740182653551474E-5
158 157 6.922836823097518E-5
158 158 5.213787966691162E-4
158 159 7.595083770439237E-5
158 185 7.90352753281093E-5
158 186 7.568211718908123E-5
158 189 7.137443534980431E-5
159 141 8.124467942905654E-5
159 142 0
159 158 7.595083770439237E-5
159 159 4.5922769864866126E-4
159 160 0
159 186 6.69734565227274E-5
159 187 7.310183575014639E-5
160 142 0
160 159 0
160 160 3
160 187 0
160 188 0
161 123 6.340980252619105E-5
161 143 6.740956019970442E-5
161 161 3.138038404743984E-4
161 162 5.818947576087642E-5
161 169 6.63927164462187E-5
161 190 5.8402285541407956E-5
162 123 7.180671714182357E-5
162 124 7.67212680297979E-5
162 161 5.818947576087642E-5
162 162 4.139399101448448E-4
162 163 7.20392512068957E-5
162 190 6.312398672370308E-5
162 191 7.205921128174805E-5
163 124 7.379341010013628E-5
163 125 6.734621722504432E-5
163 162 7.20392512068957E-5
163 163 4.1451894182694077E-4
163 164 5.972657271685887E-5
163 191 7.373948809647518E-5
163 192 6.787400248153027E-5
164 125 6.728106211972688E-5
164 126 7.645888135937302E-5
164 163 5.972657271685887E-5
164 164 3.330063394806348E-4
164 165 6.9052967412701E-5
164 192 6.048685587197518E-5
165 126 8.488601952761485E-5
165 164 6.9052967412701E-5
165 165 4.936579685867283E-4
165 166 9.169766164278162E-5
165 192 7.010429512245372E-5
165 193 8.607835523788151E-5
165 194 9.183866964329554E-5
166 126 9.397896232398893E-5
166 127 8.69987221258433E-5
166 165 9.169766164278162E-5
166 166 4.960111653861056E-4
166 167 7.047212616979835E-5
166 194 8.355449419926556E-5
166 195 6.93091989244279E-5
167 127 3.917052758085382E-5
167 166 7.047212616979835E-5
167 167 2.0543145881869832E-4
167 195 6.354520182849531E-5
167 196 3.224360323955075E-5
168 132 4.136578317858376E-5
168 133 4.157637405528747E-5
168 148 4.249317382138055E-5
168 149 4.27037646980843E-5
168 168 1.6813909575333604E-4
169 143 7.223599199364568E-5
169 144 7.276374989448808E-5
169 161 6.63927164462187E-5
169 169 4.774064964759117E-4
169 170 6.787389898945772E-5
169 190 6.7121255515324E-5
169 197 6.37284106585435E-5
169 198 6.729047297823401E-5
170 144 6.758177705016224E-5
170 169 6.787389898945772E-5
170 170 3.9593325306403946E-4
170 171 6.65045665015307E-5
170 197 5.609810345677818E-5
170 206 7.428674602507921E-5
170 207 6.35881610410312E-5
171 144 6.614124307854075E-5
171 145 6.78682664213919E-5
171 170 6.65045665015307E-5
171 171 3.6888180592501113E-4
171 172 5.892725188227837E-5
171 206 5.9372408001686344E-5
171 208 5.006807003958288E-5
172 145 5.975770243473972E-5
172 146 5.422724714686163E-5
172 147 6.805829171007621E-5
172 171 5.892725188227837E-5
172 172 3.5765565878398127E-4
172 173 6.567333036285061E-5
172 208 5.1011835247174664E-5
173 147 7.802932569553824E-5
173 172 6.567333036285061E-5
173 173 4.555771633787675E-4
173 174 7.648532027985426E-5
173 208 4.6764125518662685E-5
173 209 4.673503463378281E-5
173 210 6.464159921548336E-5
173 211 7.724842767259572E-5
174 147 7.318834259331214E-5
174 173 7.648532027985426E-5
174 174 3.4936076936246003E-4
174 175 6.444341443573849E-5
174 211 7.210518122533675E-5
174 212 6.313851082821828E-5
175 147 7.661800352075131E-5
175 148 7.927441265367443E-5
175 149 7.185766793996572E-5
175 174 6.444341443573849E-5
175 175 4.2284114334072284E-4
175 176 6.770274458094842E-5
175 212 6.294490020964432E-5
176 149 6.392699869497838E-5
176 175 6.770274458094842E-5
176 176 3.933049616306889E-4
176 177 5.4730807848547524E-5
176 212 7.477900146094838E-5
176 213 7.421892838584841E-5
176 214 5.7946480659417606E-5
177 149 6.342474407222649E-5
177 150 5.9957191122235546E-5
177 176 5.4730807848547524E-5
177 177 2.778004328031702E-4
177 178 5.0526957941904244E-5
177 214 4.9160731818256355E-5
178 150 5.864146049293887E-5
178 151 6.757313501772107E-5
178 177 5.0526957941904244E-5
178 178 3.3872973385355525E-4
178 179 5.994767436863465E-5
178 214 5.077573206520414E-5
178 215 5.1264773967152326E-5
179 151 7.521606453585183E-5
179 152 7.786554219566663E-5
179 178 5.994767436863465E-5
179 179 3.995676548532913E-4
179 180 7.450851285536279E-5
179 215 5.0059250035430894E-5
179 216 6.197061086234426E-5
180 152 7.039941392751817E-5
180 179 7.450851285536279E-5
180 180 4.0904405211342367E-4
180 181 6.416959345984015E-5
180 216 7.09324767445676E-5
180 217 6.584391974150886E-5
180 218 6.319013538462605E-5
181 152 6.372221131898022E-5
181 154 5.9969205023104804E-5
181 180 6.416959345984015E-5
181 181 3.1138865813472647E-4
181 182 6.0306045520361774E-5
181 218 6.32216028124394E-5
182 154 6.445563520261813E-5
182 155 7.020162775209381E-5
182 181 6.0306045520361774E-5
182 182 4.034725674176171E-4
182 183 6.735783903064345E-5
182 218 6.992280947554695E-5
182 219 7.1228610436353E-5
183 155 6.871306955756232E-5
183 156 6.993595286436036E-5
183 182 6.735783903064345E-5
183 183 4.166117333740076E-4
183 184 7.047210385153051E-5
183 219 6.912069327791093E-5
183 220 7.101207479199995E-5
184 156 6.418607995884629E-5
184 183 7.047210385153051E-5
184 184 4.097484319495901E-4
184 185 6.985046980327844E-5
184 189 6.054822146359109E-5
184 220 7.083766621267026E-5
184 221 7.38538906596734E-5
185 158 7.90352753281093E-5
185 184 6.985046980327844E-5
185 185 5.278575540164354E-4
185 186 7.923081685366732E-5
185 189 7.04586186759489E-5
185 221 7.456971563169524E-5
185 222 7.647040397228496E-5
185 223 7.824225375145096E-5
186 158 7.568211718908123E-5
186 159 6.69734565227274E-5
186 185 7.923081685366732E-5
186 186 3.61590221210152E-4
186 187 6.654036551144997E-5
186 223 7.316346513322625E-5
187 159 7.310183575014639E-5
187 160 0
187 186 6.654036551144997E-5
187 187 4.7813919373428516E-4
187 188 0
187 223 7.86951897400243E-5
187 224 9.067595000043834E-5
188 160 0
188 187 0
188 188 3
188 224 0
188 225 0
189 156 5.7154265186976086E-5
189 157 6.168492499116446E-5
189 158 7.137443534980431E-5
189 184 6.054822146359109E-5
189 185 7.04586186759489E-5
189 189 3.2122046566748476E-4
190 161 5.8402285541407956E-5
190 162 6.312398672370308E-5
190 169 6.7121255515324E-5
190 190 4.0267665787219165E-4
190 191 7.212552965437145E-5
190 198 7.081051374031631E-5
190 199 7.109308669706866E-5
191 162 7.205921128174805E-5
191 163 7.373948809647518E-5
191 190 7.212552965437145E-5
191 191 4.451145442039578E-4
191 192 7.59319997418607E-5
191 199 7.456606107837008E-5
191 200 7.669225435113221E-5
192 163 6.787400248153027E-5
192 164 6.048685587197518E-5
192 165 7.010429512245372E-5
192 191 7.59319997418607E-5
192 192 4.314050258687096E-4
192 193 7.928365732051897E-5
192 200 7.772421533037087E-5
193 165 8.607835523788151E-5
193 192 7.928365732051897E-5
193 193 4.7805719801598734E-4
193 194 8.516499845643678E-5
193 200 7.8297527733309E-5
193 201 7.457994323103785E-5
193 202 7.465271603680307E-5
194 165 9.183866964329554E-5
194 166 8.355449419926556E-5
194 193 8.516499845643678E-5
194 194 5.349176545496305E-4
194 195 7.692666145424205E-5
194 202 6.88303220497451E-5
194 203 5.9820273500354234E-5
194 204 6.878223524629118E-5
195 166 6.93091989244279E-5
195 167 6.354520182849531E-5
195 194 7.692666145424205E-5
195 195 3.5095592889130206E-4
195 196 6.724970440246452E-5
195 204 7.392516228167243E-5
196 167 3.224360323955075E-5
196 195 6.724970440246452E-5
196 196 2.2583555269647048E-4
196 204 8.067417310868443E-5
196 205 4.566807194577066E-5
197 169 6.37284106585435E-5
197 170 5.609810345677818E-5
197 197 2.726786118507868E-4
197 198 5.639755631289798E-5
197 207 4.768544069348045E-5
197 226 4.876910072908685E-5
198 169 6.729047297823401E-5
198 190 7.081051374031631E-5
198 197 5.639755631289798E-5
198 198 3.892157906416607E-4
198 199 6.910017271325885E-5
198 226 5.821724962933742E-5
198 227 6.739982526761599E-5
199 190 7.109308669706866E-5
199 191 7.456606107837008E-5
199 198 6.910017271325885E-5
199 199 4.39777799335E-4
199 200 7.687476184471597E-5
199 227 7.192105112571529E-5
199 228 7.622266587587099E-5
200 191 7.669225435113221E-5
200 192 7.772421533037087E-5
200 193 7.8297527733309E-5
200 199 7.687476184471597E-5
200 200 4.6354404687877173E-4
200 201 7.717304626429894E-5
200 228 7.678224135494456E-5
201 193 7.457994323103785E-5
201 200 7.717304626429894E-5
201 201 4.4793578267722235E-4
201 202 7.224087286981178E-5
201 228 7.642212821439568E-5
201 229 7.45539722045004E-5
201 230 7.296581989317758E-5
202 193 7.465271603680307E-5
202 194 6.88303220497451E-5
202 201 7.224087286981178E-5
202 202 4.2491473025641765E-4
202 203 6.606094219155365E-5
202 230 7.174370689985203E-5
202 231 7.138617020865187E-5
203 194 5.9820273500354234E-5
203 202 6.606094219155365E-5
203 203 3.1302200862690045E-4
203 204 5.8942495268005094E-5
203 231 6.761140967262348E-5
203 232 6.058688799436415E-5
204 194 6.878223524629118E-5
204 195 7.392516228167243E-5
204 196 8.067417310868443E-5
204 203 5.8942495268005094E-5
204 204 5.384120203880159E-4
204 205 9.223674772758107E-5
204 232 7.318092605722183E-5
204 233 9.067028069855966E-5
205 196 4.566807194577066E-5
205 204 9.223674772758107E-5
205 205 2.65876029463819E-4
205 233 8.726994278613878E-5
205 234 4.070126700432834E-5
206 170 7.428674602507921E-5
206 171 5.9372408001686344E-5
206 206 4.299971182290411E-4
206 207 7.565744860426288E-5
206 208 4.457686906437746E-5
206 209 4.47385082426076E-5
206 235 7.114127636695839E-5
206 236 6.0223861924069006E-5
207 170 6.35881610410312E-5
207 197 4.768544069348045E-5
207 206 7.565744860426288E-5
207 207 3.9112569143759813E-4
207 226 6.108333628730318E-5
207 235 7.089134839046468E-5
207 256 7.22199564210558E-5
208 171 5.006807003958288E-5
208 172 5.1011835247174664E-5
208 173 4.6764125518662685E-5
208 206 4.457686906437746E-5
208 208 2.3315407228549555E-4
208 209 4.073317241569785E-5
209 173 4.673503463378281E-5
209 206 4.47385082426076E-5
209 208 4.073317241569785E-5
209 209 2.3310941463867434E-4
209 210 5.082786724553396E-5
209 236 5.0074832101052147E-5
210 173 6.464159921548336E-5
210 209 5.082786724553396E-5
210 210 3.5098647164094317E-4
210 211 6.482201291980841E-5
210 236 5.9333081291229034E-5
210 237 5.984335565512914E-5
210 238 5.151855531375914E-5
211 173 7.724842767259572E-5
211 174 7.210518122533675E-5
211 210 6.482201291980841E-5
211 211 5.024878407344839E-4
211 212 7.904248781872777E-5
211 238 5.367735726455439E-5
211 239 6.902588836900611E-5
211 240 8.656648546445452E-5
212 174 6.313851082821828E-5
212 175 6.294490020964432E-5
212 176 7.477900146094838E-5
212 211 7.904248781872777E-5
212 212 4.6422581461331134E-4
212 213 9.012551927828352E-5
212 240 9.419539501748898E-5
213 176 7.421892838584841E-5
213 212 9.012551927828352E-5
213 213 4.997450447799224E-4
213 214 6.200465293427316E-5
213 240 9.083726555933393E-5
213 241 6.834915798019828E-5
213 242 5.5809641782468946E-5
213 243 5.839987885951615E-5
214 176 5.7946480659417606E-5
214 177 4.9160731818256355E-5
214 178 5.077573206520414E-5
214 213 6.200465293427316E-5
214 214 3.2063436195172595E-4
214 215 4.915179622333345E-5
214 243 5.1594968251241264E-5
215 178 5.1264773967152326E-5
215 179 5.0059250035430894E-5
215 214 4.915179622333345E-5
215 215 2.418603288055608E-4
215 216 4.7077108846696776E-5
215 243 4.4307399732947414E-5
216 179 6.197061086234426E-5
216 180 7.09324767445676E-5
216 215 4.7077108846696776E-5
216 216 4.43231908927046E-4
216 217 6.649425875013773E-5
216 243 5.7041035232967495E-5
216 244 7.143196670702484E-5
216 245 6.828445178330708E-5
217 180 6.584391974150886E-5
217 216 6.649425875013773E-5
217 217 3.1528442963880125E-4
217 218 6.356126756603881E-5
217 245 5.9761090668457855E-5
217 246 5.962389291265814E-5
218 180 6.319013538462605E-5
218 181 6.32216028124394E-5
218 182 6.992280947554695E-5
218 217 6.356126756603881E-5
218 218 4.89626232826823E-4
218 219 7.899724014763508E-5
218 246 7.107021029673221E-5
218 247 7.966296714380456E-5
219 182 7.1228610436353E-5
219 183 6.912069327791093E-5
219 218 7.899724014763508E-5
219 219 4.4041435370954514E-4
219 220 7.209931099280485E-5
219 247 7.687925542561465E-5
219 248 7.208924342922644E-5
220 183 7.101207479199995E-5
220 184 7.083766621267026E-5
220 219 7.209931099280485E-5
220 220 4.324528800001269E-4
220 221 7.207178271246398E-5
220 248 7.314258249559944E-5
220 249 7.328946279458828E-5
221 184 7.38538906596734E-5
221 185 7.456971563169524E-5
221 220 7.207178271246398E-5
221 221 4.284461896919966E-4
221 222 6.801709808652012E-5
221 249 7.235210609980471E-5
221 250 6.758159650183899E-5
222 185 7.647040397228496E-5
222 221 6.801709808652012E-5
222 222 4.2115795235586666E-4
222 223 7.117737607183051E-5
222 250 6.64971883455966E-5
222 251 7.138450201958277E-5
222 252 6.761138386005179E-5
